Name,time,Position,Simulation_reset
whisker_L0_joint,0.02,5.433773599961e-06
whisker_L1_joint,0.02,5.458353966147911e-06
whisker_R0_joint,0.02,5.029445221182982e-06
whisker_R1_joint,0.02,5.048225076187407e-06
whisker_L0_joint,0.04,1.161396302862272e-05
whisker_L1_joint,0.04,1.1663846385623344e-05
whisker_R0_joint,0.04,1.0201769054418719e-05
whisker_R1_joint,0.04,1.0241872221428139e-05
whisker_L0_joint,0.06,1.747961334963577e-05
whisker_L1_joint,0.06,1.7555030442650832e-05
whisker_R0_joint,0.06,1.5794603541507968e-05
whisker_R1_joint,0.06,1.585632709577567e-05
whisker_L0_joint,0.08,2.2755765630932956e-05
whisker_L1_joint,0.08,2.285675465873993e-05
whisker_R0_joint,0.08,2.1990512928837802e-05
whisker_R1_joint,0.08,2.2073900676211622e-05
whisker_L0_joint,0.1,2.906485547526927e-05
whisker_L1_joint,0.1,2.9191461790034623e-05
whisker_R0_joint,0.1,2.7173619042919483e-05
whisker_R1_joint,0.1,2.7278721018930696e-05
whisker_L0_joint,0.12000000000000001,3.37997111685695e-05
whisker_L1_joint,0.12000000000000001,3.395187329324756e-05
whisker_R0_joint,0.12000000000000001,3.3904150862795746e-05
whisker_R1_joint,0.12000000000000001,3.4030892562597614e-05
whisker_L0_joint,0.14,3.9589972235631876e-05
whisker_L1_joint,0.14,3.9767689721692534e-05
whisker_R0_joint,0.14,3.957885176486542e-05
whisker_R1_joint,0.14,3.9727233424713404e-05
whisker_L0_joint,0.16,4.665404141945828e-05
whisker_L1_joint,0.16,4.68573086793711e-05
whisker_R0_joint,0.16,4.397808503053824e-05
whisker_R1_joint,0.16,4.4148100739604956e-05
whisker_L0_joint,0.18,5.3963867832962364e-05
whisker_L1_joint,0.18,5.419270194106929e-05
whisker_R0_joint,0.18,4.8138107735518076e-05
whisker_R1_joint,0.18,4.832977581958886e-05
whisker_L0_joint,0.19999999999999998,5.9345093831097984e-05
whisker_L1_joint,0.19999999999999998,5.959949157308131e-05
whisker_R0_joint,0.19999999999999998,5.4224558486914987e-05
whisker_R1_joint,0.19999999999999998,5.443787312664483e-05
whisker_L0_joint,0.21999999999999997,6.378533724316071e-05
whisker_L1_joint,0.21999999999999997,6.406531191593956e-05
whisker_R0_joint,0.21999999999999997,6.125776137988481e-05
whisker_R1_joint,0.21999999999999997,6.149273658628829e-05
whisker_L0_joint,0.23999999999999996,6.979190139588809e-05
whisker_L1_joint,0.23999999999999996,7.009744910213556e-05
whisker_R0_joint,0.23999999999999996,6.67229986914819e-05
whisker_R1_joint,0.23999999999999996,6.69796290120317e-05
whisker_L0_joint,0.25999999999999995,7.540055578303395e-05
whisker_L1_joint,0.25999999999999995,7.573167919883161e-05
whisker_R0_joint,0.25999999999999995,7.258711842705878e-05
whisker_R1_joint,0.25999999999999995,7.286540681050724e-05
whisker_L0_joint,0.27999999999999997,8.146128935315744e-05
whisker_L1_joint,0.27999999999999997,8.18179915942352e-05
whisker_R0_joint,0.27999999999999997,7.800071877106518e-05
whisker_R1_joint,0.27999999999999997,7.830066934388924e-05
whisker_L0_joint,0.3,0.02858757956417879
whisker_L1_joint,0.3,0.028587961807495788
whisker_R0_joint,0.3,0.028583319557331954
whisker_R1_joint,0.3,0.02858364112660361
whisker_L0_joint,0.32,0.1455940135267495
whisker_L1_joint,0.32,0.14559442133988476
whisker_R0_joint,0.32,0.1455875099583519
whisker_R1_joint,0.32,0.14558785317955625
whisker_L0_joint,0.34,0.38146731544203405
whisker_L1_joint,0.34,0.29236897972215203
whisker_R0_joint,0.34,0.3825797821960819
whisker_R1_joint,0.34,0.38258014706843024
whisker_L0_joint,0.36000000000000004,0.5422644566021138
whisker_L1_joint,0.36000000000000004,0.2670037567783554
whisker_R0_joint,0.36000000000000004,0.7205248923986032
whisker_R1_joint,0.36000000000000004,0.7205252789210821
whisker_L0_joint,0.38000000000000006,0.4559119751227074
whisker_L1_joint,0.38000000000000006,0.1700071111473962
whisker_R0_joint,0.38000000000000006,1.0012197985787266
whisker_R1_joint,0.38000000000000006,1.0012199038802567
whisker_L0_joint,0.4000000000000001,0.31011039885415403
whisker_L1_joint,0.4000000000000001,0.11353671309609847
whisker_R0_joint,0.4000000000000001,1.0000140632522916
whisker_R1_joint,0.4000000000000001,1.000014064466347
whisker_L0_joint,0.4200000000000001,0.15430379330432853
whisker_L1_joint,0.4200000000000001,0.04855734087022778
whisker_R0_joint,0.4200000000000001,0.980964194473148
whisker_R1_joint,0.4200000000000001,0.980964190831223
whisker_L0_joint,0.4400000000000001,-0.004134291975724125
whisker_L1_joint,0.4400000000000001,-0.00020478166306858725
whisker_R0_joint,0.4400000000000001,0.9219129137358619
whisker_R1_joint,0.4400000000000001,0.9219129052387132
whisker_L0_joint,0.46000000000000013,0.009205758819421206
whisker_L1_joint,0.46000000000000013,-2.4511481582223382e-06
whisker_R0_joint,0.46000000000000013,0.8228265897862697
whisker_R1_joint,0.46000000000000013,0.8228265764346112
whisker_L0_joint,0.48000000000000015,-6.874892180164238e-05
whisker_L1_joint,0.48000000000000015,-1.0768449302922534e-05
whisker_R0_joint,0.48000000000000015,0.6837493194124695
whisker_R1_joint,0.48000000000000015,0.6837493012065536
whisker_L0_joint,0.5000000000000001,-1.1670292394683202e-06
whisker_L1_joint,0.5000000000000001,-4.089303121546095e-05
whisker_R0_joint,0.5000000000000001,0.5046752282770752
whisker_R1_joint,0.5000000000000001,0.5046752052164436
whisker_L0_joint,0.5200000000000001,-3.568574515888656e-06
whisker_L1_joint,0.5200000000000001,-8.367731698655234e-07
whisker_R0_joint,0.5200000000000001,0.2856052862680274
whisker_R1_joint,0.5200000000000001,0.2856052583522075
whisker_L0_joint,0.5400000000000001,-2.0946834474955267e-05
whisker_L1_joint,0.5400000000000001,-2.8687859918719028e-06
whisker_R0_joint,0.5400000000000001,0.02653848471288267
whisker_R1_joint,0.5400000000000001,0.026538451941277685
whisker_L0_joint,0.5600000000000002,0.028472803226978982
whisker_L1_joint,0.5600000000000002,0.02841863696793201
whisker_R0_joint,0.5600000000000002,0.02638152896928947
whisker_R1_joint,0.5600000000000002,0.02638161544098594
whisker_L0_joint,0.5800000000000002,0.14544641170177464
whisker_L1_joint,0.5800000000000002,0.145319933919688
whisker_R0_joint,0.5800000000000002,0.14266819356048988
whisker_R1_joint,0.5800000000000002,0.1426684130625535
whisker_L0_joint,0.6000000000000002,0.36341411054487516
whisker_L1_joint,0.6000000000000002,0.308034094348999
whisker_R0_joint,0.6000000000000002,0.3599570372786758
whisker_R1_joint,0.6000000000000002,0.35995738980728653
whisker_L0_joint,0.6200000000000002,0.5407043845615274
whisker_L1_joint,0.6200000000000002,0.28878944275709717
whisker_R0_joint,0.6200000000000002,0.6382174981051882
whisker_R1_joint,0.6200000000000002,0.6382179836548998
whisker_L0_joint,0.6400000000000002,0.4822977622351283
whisker_L1_joint,0.6400000000000002,0.18203429695818674
whisker_R0_joint,0.6400000000000002,0.9564455863762218
whisker_R1_joint,0.6400000000000002,0.9564462049448119
whisker_L0_joint,0.6600000000000003,0.3382442807835373
whisker_L1_joint,0.6600000000000003,0.08226267743359106
whisker_R0_joint,0.6600000000000003,0.9759749277681662
whisker_R1_joint,0.6600000000000003,0.9759733953283813
whisker_L0_joint,0.6800000000000003,0.14487294169830367
whisker_L1_joint,0.6800000000000003,-0.001050916978394767
whisker_R0_joint,0.6800000000000003,0.8922707538750663
whisker_R1_joint,0.6800000000000003,0.8922666673728763
whisker_L0_joint,0.7000000000000003,0.00012463487462444078
whisker_L1_joint,0.7000000000000003,-1.2134896227422587e-05
whisker_R0_joint,0.7000000000000003,0.7285375252039978
whisker_R1_joint,0.7000000000000003,0.7285308846704837
whisker_L0_joint,0.7200000000000003,-1.1763595456848464e-05
whisker_L1_joint,0.7200000000000003,-0.00019985797081556456
whisker_R0_joint,0.7200000000000003,0.4847776999164095
whisker_R1_joint,0.7200000000000003,0.4847685054028563
whisker_L0_joint,0.7400000000000003,-0.0001279564654987908
whisker_L1_joint,0.7400000000000003,-2.4327098939735947e-06
whisker_R0_joint,0.7400000000000003,0.16101897563325718
whisker_R1_joint,0.7400000000000003,0.16100722721246363
whisker_L0_joint,0.7600000000000003,-1.741298042645667e-06
whisker_L1_joint,0.7600000000000003,-2.2265413814004376e-05
whisker_R0_joint,0.7600000000000003,0.001922820025378691
whisker_R1_joint,0.7600000000000003,0.0019382971457044817
whisker_L0_joint,0.7800000000000004,-1.101844452744416e-05
whisker_L1_joint,0.7800000000000004,-0.0001597935056762978
whisker_R0_joint,0.7800000000000004,-1.0893253775456913e-05
whisker_R1_joint,0.7800000000000004,-9.89926711092437e-06
whisker_L0_joint,0.8000000000000004,0.009526475917250643
whisker_L1_joint,0.8000000000000004,0.009972749357633148
whisker_R0_joint,0.8000000000000004,0.009539371005445219
whisker_R1_joint,0.8000000000000004,0.009536395404091458
whisker_L0_joint,0.8200000000000004,0.0865519212334398
whisker_L1_joint,0.8200000000000004,0.08759329224992829
whisker_R0_joint,0.8200000000000004,0.08660126457025807
whisker_R1_joint,0.8200000000000004,0.08659431304002485
whisker_L0_joint,0.8400000000000004,0.2835640324359048
whisker_L1_joint,0.8400000000000004,0.27100561058910255
whisker_R0_joint,0.8400000000000004,0.28367326295887274
whisker_R1_joint,0.8400000000000004,0.2836623355825756
whisker_L0_joint,0.8600000000000004,0.5357789893801659
whisker_L1_joint,0.8600000000000004,0.34345998171364567
whisker_R0_joint,0.8600000000000004,0.5817305693194532
whisker_R1_joint,0.8600000000000004,0.5817156662193836
whisker_L0_joint,0.8800000000000004,0.5468301512021396
whisker_L1_joint,0.8800000000000004,0.23895886105848252
whisker_R0_joint,0.8800000000000004,0.9407401804114288
whisker_R1_joint,0.8800000000000004,0.9407213016856142
whisker_L0_joint,0.9000000000000005,0.3691419164810048
whisker_L1_joint,0.9000000000000005,0.10149012865665785
whisker_R0_joint,0.9000000000000005,0.9578398619978401
whisker_R1_joint,0.9000000000000005,0.9578831442449927
whisker_L0_joint,0.9200000000000005,0.13215863516760518
whisker_L1_joint,0.9200000000000005,-8.10117542151545e-05
whisker_R0_joint,0.9200000000000005,0.838096947940512
whisker_R1_joint,0.9200000000000005,0.8382189248323124
whisker_L0_joint,0.9400000000000005,-4.970522159286617e-05
whisker_L1_joint,0.9400000000000005,-1.233349665064054e-06
whisker_R0_joint,0.9400000000000005,0.6383197329330557
whisker_R1_joint,0.9400000000000005,0.6385204032022083
whisker_L0_joint,0.9600000000000005,-1.1062008642426235e-06
whisker_L1_joint,0.9600000000000005,-8.835961411435278e-06
whisker_R0_joint,0.9600000000000005,0.35852471738167146
whisker_R1_joint,0.9600000000000005,0.3588040791502243
whisker_L0_joint,0.9800000000000005,-4.572790380130698e-06
whisker_L1_joint,0.9800000000000005,-8.181973950449617e-05
whisker_R0_joint,0.9800000000000005,-0.0012629038980236373
whisker_R1_joint,0.9800000000000005,-0.000904854170372893
whisker_L0_joint,1.0000000000000004,-4.190155027039566e-05
whisker_L1_joint,1.0000000000000004,-1.1838720457291174e-06
whisker_R0_joint,1.0000000000000004,-1.457754906741826e-05
whisker_R1_joint,1.0000000000000004,-1.045653351283704e-05
whisker_L0_joint,1.0200000000000005,-8.47744374254944e-07
whisker_L1_joint,1.0200000000000005,-8.822333579239228e-06
whisker_R0_joint,1.0200000000000005,-0.0001599441630615317
whisker_R1_joint,1.0200000000000005,-0.0001277506160413111
whisker_L0_joint,1.0400000000000005,-5.683004974166295e-06
whisker_L1_joint,1.0400000000000005,-8.190046431888476e-05
whisker_R0_joint,1.0400000000000005,-2.0119678936225682e-06
whisker_R1_joint,1.0400000000000005,-1.680942360415827e-06
whisker_L0_joint,1.0600000000000005,0.009508529861534498
whisker_L1_joint,1.0600000000000005,0.009737110954530337
whisker_R0_joint,1.0600000000000005,0.009514863132291218
whisker_R1_joint,1.0600000000000005,0.009513927093068197
whisker_L0_joint,1.0800000000000005,0.08650698271498936
whisker_L1_joint,1.0800000000000005,0.08704043227620062
whisker_R0_joint,1.0800000000000005,0.08654687816262463
whisker_R1_joint,1.0800000000000005,0.0865446180265117
whisker_L0_joint,1.1000000000000005,0.26448910874084053
whisker_L1_joint,1.1000000000000005,0.2653274219644679
whisker_R0_joint,1.1000000000000005,0.2645930231915239
whisker_R1_joint,1.1000000000000005,0.26458943897928044
whisker_L0_joint,1.1200000000000006,0.5034547043384432
whisker_L1_joint,1.1200000000000006,0.5045978764785639
whisker_R0_joint,1.1200000000000006,0.5036524576572585
whisker_R1_joint,1.1200000000000006,0.5036475493890435
whisker_L0_joint,1.1400000000000006,0.7824047530376301
whisker_L1_joint,1.1400000000000006,0.7838527801548745
whisker_R0_joint,1.1400000000000006,0.7827240806071156
whisker_R1_joint,1.1400000000000006,0.7827178482998791
whisker_L0_joint,1.1600000000000006,0.9994998943630327
whisker_L1_joint,1.1600000000000006,0.9994998945798521
whisker_R0_joint,1.1600000000000006,0.9995001059358914
whisker_R1_joint,1.1600000000000006,0.9995001059351161
whisker_L0_joint,1.1800000000000006,0.9480600333526992
whisker_L1_joint,1.1800000000000006,0.9413533797385956
whisker_R0_joint,1.1800000000000006,0.9463639068236018
whisker_R1_joint,1.1800000000000006,0.9463928080882873
whisker_L0_joint,1.2000000000000006,0.8166099333828578
whisker_L1_joint,1.2000000000000006,0.8031966900845973
whisker_R0_joint,1.2000000000000006,0.8132389233328956
whisker_R1_joint,1.2000000000000006,0.8132967255920303
whisker_L0_joint,1.2200000000000006,0.6051511908808438
whisker_L1_joint,1.2200000000000006,0.585031475519898
whisker_R0_joint,1.2200000000000006,0.6001256837848077
whisker_R1_joint,1.2200000000000006,0.6002123865369917
whisker_L0_joint,1.2400000000000007,0.31368478169411507
whisker_L1_joint,1.2400000000000007,0.28685876532776966
whisker_R0_joint,1.2400000000000007,0.3070266038416074
whisker_R1_joint,1.2400000000000007,0.30714220635539746
whisker_L0_joint,1.2600000000000007,-0.010423367220976587
whisker_L1_joint,1.2600000000000007,-0.00307014692594354
whisker_R0_joint,1.2600000000000007,-0.0025595169530543416
whisker_R1_joint,1.2600000000000007,-0.002487751686159889
whisker_L0_joint,1.2800000000000007,0.011717526714154936
whisker_L1_joint,1.2800000000000007,-1.6923397175183652e-05
whisker_R0_joint,1.2800000000000007,-2.952220507346226e-05
whisker_R1_joint,1.2800000000000007,-2.869530068672077e-05
whisker_L0_joint,1.3000000000000007,0.0013437576632844284
whisker_L1_joint,1.3000000000000007,0.009546289357904136
whisker_R0_joint,1.3000000000000007,0.009593095698083864
whisker_R1_joint,1.3000000000000007,0.009590615688685133
whisker_L0_joint,1.3200000000000007,0.05846244451221594
whisker_L1_joint,1.3200000000000007,0.08660186296043637
whisker_R0_joint,1.3200000000000007,0.08672299202781097
whisker_R1_joint,1.3200000000000007,0.08671720441480346
whisker_L0_joint,1.3400000000000007,0.2355728708329714
whisker_L1_joint,1.3400000000000007,0.28364879668630927
whisker_R0_joint,1.3400000000000007,0.28385834933264675
whisker_R1_joint,1.3400000000000007,0.2838492541840978
whisker_L0_joint,1.3600000000000008,0.513672625708617
whisker_L1_joint,1.3600000000000008,0.581684469436639
whisker_R0_joint,1.3600000000000008,0.5819972138334597
whisker_R1_joint,1.3600000000000008,0.5819848112512185
whisker_L0_joint,1.3800000000000008,0.852761616059218
whisker_L1_joint,1.3800000000000008,0.9407088982818044
whisker_R0_joint,1.3800000000000008,0.9411391965386802
whisker_R1_joint,1.3800000000000008,0.9411234866043756
whisker_L0_joint,1.4000000000000008,0.9816287860023243
whisker_L1_joint,1.4000000000000008,0.9578520830478041
whisker_R0_joint,1.4000000000000008,0.9569304621291757
whisker_R1_joint,1.4000000000000008,0.9569664790228467
whisker_L0_joint,1.4200000000000008,0.8805543343942395
whisker_L1_joint,1.4200000000000008,0.838125216341723
whisker_R0_joint,1.4200000000000008,0.8355352477151765
whisker_R1_joint,1.4200000000000008,0.835636749579499
whisker_L0_joint,1.4400000000000008,0.6994754081453367
whisker_L1_joint,1.4400000000000008,0.6383941557927599
whisker_R0_joint,1.4400000000000008,0.6341469154471397
whisker_R1_joint,1.4400000000000008,0.6343139012252434
whisker_L0_joint,1.4600000000000009,0.4383940524502856
whisker_L1_joint,1.4600000000000009,0.35866109579324856
whisker_R0_joint,1.4600000000000009,0.35276648012575507
whisker_R1_joint,1.4600000000000009,0.3529989482370821
whisker_L0_joint,1.4800000000000009,0.09731193147383355
whisker_L1_joint,1.4800000000000009,-0.0010721558958035615
whisker_R0_joint,1.4800000000000009,-0.008603378339895329
whisker_R1_joint,1.4800000000000009,-0.00830543002617734
whisker_L0_joint,1.5000000000000009,-1.6817505242627817e-05
whisker_L1_joint,1.5000000000000009,-1.238514978041394e-05
whisker_R0_joint,1.5000000000000009,-2.8485378586573518e-05
whisker_R1_joint,1.5000000000000009,-4.3114071837102586e-05
whisker_L0_joint,1.520000000000001,-0.0001597906097243751
whisker_L1_joint,1.520000000000001,-0.0001023144147875854
whisker_R0_joint,1.520000000000001,9.492744732497727e-07
whisker_R1_joint,1.520000000000001,-9.82586227493698e-07
whisker_L0_joint,1.540000000000001,-2.0214105278526517e-06
whisker_L1_joint,1.540000000000001,-1.4488064881135188e-06
whisker_R0_joint,1.540000000000001,-3.000792942131625e-06
whisker_R1_joint,1.540000000000001,-4.579531827531014e-06
whisker_L0_joint,1.560000000000001,0.00950367978038269
whisker_L1_joint,1.560000000000001,0.009502095142191358
whisker_R0_joint,1.560000000000001,0.009511808837731728
whisker_R1_joint,1.560000000000001,0.009516486215384035
whisker_L0_joint,1.580000000000001,0.08650556178186264
whisker_L1_joint,1.580000000000001,0.08650168673655223
whisker_R0_joint,1.580000000000001,0.08652970741296961
whisker_R1_joint,1.580000000000001,0.08654069971814327
whisker_L0_joint,1.600000000000001,0.2645028043355824
whisker_L1_joint,1.600000000000001,0.26449663891940123
whisker_R0_joint,1.600000000000001,0.2645500689482878
whisker_R1_joint,1.600000000000001,0.26456737608218894
whisker_L0_joint,1.620000000000001,0.5034948700754169
whisker_L1_joint,1.620000000000001,0.5034864143240529
whisker_R0_joint,1.620000000000001,0.503572319357688
whisker_R1_joint,1.620000000000001,0.5035959412212767
whisker_L0_joint,1.640000000000001,0.7824817019751586
whisker_L1_joint,1.640000000000001,0.7824709559180407
whisker_R0_joint,1.640000000000001,0.7825964241914081
whisker_R1_joint,1.640000000000001,0.7826263607028077
whisker_L0_joint,1.660000000000001,0.9995001154886509
whisker_L1_joint,1.660000000000001,0.9995001154877432
whisker_R0_joint,1.660000000000001,0.9994998860890707
whisker_R1_joint,1.660000000000001,0.9994998860920461
whisker_L0_joint,1.680000000000001,0.9476215429939767
whisker_L1_joint,1.680000000000001,0.9476713980044114
whisker_R0_joint,1.680000000000001,0.947037424124364
whisker_R1_joint,1.680000000000001,0.9468987345186726
whisker_L0_joint,1.700000000000001,0.8157409494589043
whisker_L1_joint,1.700000000000001,0.8158406590223795
whisker_R0_joint,1.700000000000001,0.8145779415913204
whisker_R1_joint,1.700000000000001,0.8143005636611473
whisker_L0_joint,1.720000000000001,0.6038596797364519
whisker_L1_joint,1.720000000000001,0.6040092429957156
whisker_R0_joint,1.720000000000001,0.602122209780731
whisker_R1_joint,1.720000000000001,0.6017061459202662
whisker_L0_joint,1.740000000000001,0.3119796627954745
whisker_L1_joint,1.740000000000001,0.31217907849438475
whisker_R0_joint,1.740000000000001,0.3096716989156292
whisker_R1_joint,1.740000000000001,0.3091169526290489
whisker_L0_joint,1.7600000000000011,-0.011670244012739417
whisker_L1_joint,1.7600000000000011,-0.011523674792625727
whisker_R0_joint,1.7600000000000011,-0.0009241079473696345
whisker_R1_joint,1.7600000000000011,-0.0012684897039374476
whisker_L0_joint,1.7800000000000011,0.01878026152679002
whisker_L1_joint,1.7800000000000011,0.017949705904286795
whisker_R0_joint,1.7800000000000011,-1.0685930493359308e-05
whisker_R1_joint,1.7800000000000011,-1.4648050168375448e-05
whisker_L0_joint,1.8000000000000012,-0.00013005575189417584
whisker_L1_joint,1.8000000000000012,-0.0006423484821986847
whisker_R0_joint,1.8000000000000012,-4.114964790513653e-05
whisker_R1_joint,1.8000000000000012,-6.374765592997989e-05
whisker_L0_joint,1.8200000000000012,0.02888879159925306
whisker_L1_joint,1.8200000000000012,0.03042566547880643
whisker_R0_joint,1.8200000000000012,0.0286248180017461
whisker_R1_joint,1.8200000000000012,0.028692608088197957
whisker_L0_joint,1.8400000000000012,0.11790578592099887
whisker_L1_joint,1.8400000000000012,0.12149181991983404
whisker_R0_joint,1.8400000000000012,0.11729231816294661
whisker_R1_joint,1.8400000000000012,0.1174504998187782
whisker_L0_joint,1.8600000000000012,0.24792059334252325
whisker_L1_joint,1.8600000000000012,0.2535557761723073
whisker_R0_joint,1.8600000000000012,0.24696141071340083
whisker_R1_joint,1.8600000000000012,0.2472099834467798
whisker_L0_joint,1.8800000000000012,0.3789334371724138
whisker_L1_joint,1.8800000000000012,0.3866177684154284
whisker_R0_joint,1.8800000000000012,0.3776324351815532
whisker_R1_joint,1.8800000000000012,0.3779713989738118
whisker_L0_joint,1.9000000000000012,0.4899454229917044
whisker_L1_joint,1.9000000000000012,0.49967890886248245
whisker_R0_joint,1.9000000000000012,0.488304680832262
whisker_R1_joint,1.9000000000000012,0.4887340359539012
whisker_L0_joint,1.9200000000000013,0.5524563215702782
whisker_L1_joint,1.9200000000000013,0.5642389723943824
whisker_R0_joint,1.9200000000000013,0.550478450878936
whisker_R1_joint,1.9200000000000013,0.550998197777993
whisker_L0_joint,1.9400000000000013,0.5349656649468519
whisker_L1_joint,1.9400000000000013,0.5487974855428961
whisker_R0_joint,1.9400000000000013,0.5326539334599838
whisker_R1_joint,1.9400000000000013,0.533264072336924
whisker_L0_joint,1.9600000000000013,0.4374739403698813
whisker_L1_joint,1.9600000000000013,0.45335491915255144
whisker_R0_joint,1.9600000000000013,0.434830924169721
whisker_R1_joint,1.9600000000000013,0.4355314545013895
whisker_L0_joint,1.9800000000000013,0.2599824191762812
whisker_L1_joint,1.9800000000000013,0.27791252813290246
whisker_R0_joint,1.9800000000000013,0.25700972107653985
whisker_R1_joint,1.9800000000000013,0.2578006416150407
whisker_L0_joint,2.0000000000000013,0.0024926007338779144
whisker_L1_joint,2.0000000000000013,0.022471789581101298
whisker_R0_joint,2.0000000000000013,-0.0008083309063886546
whisker_R1_joint,2.0000000000000013,7.322037396217951e-05
whisker_L0_joint,2.0200000000000014,0.0008029944264267286
whisker_L1_joint,2.0200000000000014,-0.00010344887538060732
whisker_R0_joint,2.0200000000000014,-9.348267679065714e-06
whisker_R1_joint,2.0200000000000014,0.007503206606498836
whisker_L0_joint,2.0400000000000014,-7.21414872373316e-06
whisker_L1_joint,2.0400000000000014,-1.4342886158758006e-06
whisker_R0_joint,2.0400000000000014,-0.00010239281567869796
whisker_R1_joint,2.0400000000000014,-1.8508835407438085e-05
whisker_L0_joint,2.0600000000000014,0.009520504755958115
whisker_L1_joint,2.0600000000000014,0.009503431692048814
whisker_R0_joint,2.0600000000000014,0.009808375967398142
whisker_R1_joint,2.0600000000000014,0.009556742645037808
whisker_L0_joint,2.0800000000000014,0.08654739515936694
whisker_L1_joint,2.0800000000000014,0.08650720275996981
whisker_R0_joint,2.0800000000000014,0.08721960425393771
whisker_R1_joint,2.0800000000000014,0.0866324364893094
whisker_L0_joint,2.1000000000000014,0.28356978983318726
whisker_L1_joint,2.1000000000000014,0.28350647857420697
whisker_R0_joint,2.1000000000000014,0.28463214083602484
whisker_R1_joint,2.1000000000000014,0.247388307600791
whisker_L0_joint,2.1200000000000014,0.5815594090775136
whisker_L1_joint,2.1200000000000014,0.5814729796749765
whisker_R0_joint,2.1200000000000014,0.5072604835543908
whisker_R1_joint,2.1200000000000014,0.27220357004224294
whisker_L0_joint,2.1400000000000015,0.9594931802762616
whisker_L1_joint,2.1400000000000015,0.9593836335233492
whisker_R0_joint,2.1400000000000015,0.48735571043044956
whisker_R1_joint,2.1400000000000015,0.18661638762992627
whisker_L0_joint,2.1600000000000015,1.0000266899076236
whisker_L1_joint,2.1600000000000015,1.0000252993153254
whisker_R0_joint,2.1600000000000015,0.340474003032444
whisker_R1_joint,2.1600000000000015,0.12437773637382232
whisker_L0_joint,2.1800000000000015,0.9809252207174177
whisker_L1_joint,2.1800000000000015,0.9809293924947173
whisker_R0_joint,2.1800000000000015,0.17672562251826562
whisker_R1_joint,2.1800000000000015,0.05364541955643798
whisker_L0_joint,2.2000000000000015,0.9218239655762437
whisker_L1_joint,2.2000000000000015,0.9218336997094028
whisker_R0_joint,2.2000000000000015,-0.003010755284913458
whisker_R1_joint,2.2000000000000015,-0.0003104486940914697
whisker_L0_joint,2.2200000000000015,0.82268577725731
whisker_L1_joint,2.2200000000000015,0.8227010737287355
whisker_R0_joint,2.2200000000000015,-5.320442112655144e-06
whisker_R1_joint,2.2200000000000015,-3.607893699353326e-06
whisker_L0_joint,2.2400000000000015,0.6835503108268233
whisker_L1_joint,2.2400000000000015,0.6835711696046456
whisker_R0_joint,2.2400000000000015,-4.082428000096172e-05
whisker_R1_joint,2.2400000000000015,-2.6150576433181527e-05
whisker_L0_joint,2.2600000000000016,0.5044165214644893
whisker_L1_joint,2.2600000000000016,0.5044429425050474
whisker_R0_joint,2.2600000000000016,-1.194311790797542e-06
whisker_R1_joint,2.2600000000000016,-9.950324783503106e-05
whisker_L0_joint,2.2800000000000016,0.28528551234456945
whisker_L1_joint,2.2800000000000016,0.28531749559259545
whisker_R0_joint,2.2800000000000016,-2.027805590998355e-06
whisker_R1_joint,2.2800000000000016,-1.497061006716649e-06
whisker_L0_joint,2.3000000000000016,0.026159043786512903
whisker_L1_joint,2.3000000000000016,0.02619658916804113
whisker_R0_joint,2.3000000000000016,-6.8637924925951666e-06
whisker_R1_joint,2.3000000000000016,-4.407880433987543e-06
whisker_L0_joint,2.3200000000000016,0.027381571699503837
whisker_L1_joint,2.3200000000000016,0.027282512968575645
whisker_R0_joint,2.3200000000000016,0.028431910169925523
whisker_R1_joint,2.3200000000000016,0.028424560539408894
whisker_L0_joint,2.3400000000000016,0.11670575559698282
whisker_L1_joint,2.3400000000000016,0.11645429722676681
whisker_R0_joint,2.3400000000000016,0.11685271626727367
whisker_R1_joint,2.3400000000000016,0.1168355430403869
whisker_L0_joint,2.3600000000000017,0.24703575351259577
whisker_L1_joint,2.3600000000000017,0.24663189637345972
whisker_R0_joint,2.3600000000000017,0.24626702365155761
whisker_R1_joint,2.3600000000000017,0.22133650749484968
whisker_L0_joint,2.3800000000000017,0.3783636110455264
whisker_L1_joint,2.3800000000000017,0.3778073551619796
whisker_R0_joint,2.3800000000000017,0.3761933213140347
whisker_R1_joint,2.3800000000000017,0.2016387278946583
whisker_L0_joint,2.4000000000000017,0.4896877569426632
whisker_L1_joint,2.4000000000000017,0.48897910184675375
whisker_R0_joint,2.4000000000000017,0.42191216522496244
whisker_R1_joint,2.4000000000000017,0.11674767679890596
whisker_L0_joint,2.4200000000000017,0.5525111064734478
whisker_L1_joint,2.4200000000000017,0.5516500513379476
whisker_R0_joint,2.4200000000000017,0.3394220911215724
whisker_R1_joint,2.4200000000000017,-0.006535967117168084
whisker_L0_joint,2.4400000000000017,0.5353103368587382
whisker_L1_joint,2.4400000000000017,0.5342968813738525
whisker_R0_joint,2.4400000000000017,0.17224542394596565
whisker_R1_joint,2.4400000000000017,-3.844567702593338e-05
whisker_L0_joint,2.4600000000000017,0.43809688491544296
whisker_L1_joint,2.4600000000000017,0.4369310299620244
whisker_R0_joint,2.4600000000000017,-0.0018267053014042745
whisker_R1_joint,2.4600000000000017,-6.602339954753234e-07
whisker_L0_joint,2.4800000000000018,0.26084114991959684
whisker_L1_joint,2.4800000000000018,0.2595228975324799
whisker_R0_joint,2.4800000000000018,-2.1068479480135238e-05
whisker_R1_joint,2.4800000000000018,-8.802805730567798e-06
whisker_L0_joint,2.5000000000000018,0.0035746582507547586
whisker_L1_joint,2.5000000000000018,0.0021040382319119644
whisker_R0_joint,2.5000000000000018,-0.00019967777964069455
whisker_R1_joint,2.5000000000000018,-0.00010235043493356244
whisker_L0_joint,2.520000000000002,-0.0007960203318928549
whisker_L1_joint,2.520000000000002,0.001821334740514935
whisker_R0_joint,2.520000000000002,-2.4770171398458274e-06
whisker_R1_joint,2.520000000000002,-1.5008082518974675e-06
whisker_L0_joint,2.540000000000002,-9.214542490809663e-06
whisker_L1_joint,2.540000000000002,-1.5026273599616502e-05
whisker_R0_joint,2.540000000000002,-1.7195719526519326e-05
whisker_R1_joint,2.540000000000002,-8.820221782279702e-06
whisker_L0_joint,2.560000000000002,0.009530843432568048
whisker_L1_joint,2.560000000000002,0.009548258202220161
whisker_R0_joint,2.560000000000002,0.009548464446782923
whisker_R1_joint,2.560000000000002,0.009523366271910305
whisker_L0_joint,2.580000000000002,0.08657861718354987
whisker_L1_joint,2.580000000000002,0.08661927878008413
whisker_R0_joint,2.580000000000002,0.08660598641647343
whisker_R1_joint,2.580000000000002,0.08654738640116744
whisker_L0_joint,2.600000000000002,0.2836295028560514
whisker_L1_joint,2.600000000000002,0.283693410801483
whisker_R0_joint,2.600000000000002,0.2836571261166565
whisker_R1_joint,2.600000000000002,0.2585397755329861
whisker_L0_joint,2.620000000000002,0.5816548847959666
whisker_L1_joint,2.620000000000002,0.5817420383624645
whisker_R0_joint,2.620000000000002,0.5171935678171966
whisker_R1_joint,2.620000000000002,0.30235663535481816
whisker_L0_joint,2.640000000000002,0.959627692754486
whisker_L1_joint,2.640000000000002,0.9597380911739837
whisker_R0_joint,2.640000000000002,0.5117816022734054
whisker_R1_joint,2.640000000000002,0.20640998588409598
whisker_L0_joint,2.660000000000002,1.0000274739672488
whisker_L1_joint,2.660000000000002,1.000026972184612
whisker_R0_joint,2.660000000000002,0.36124635751602163
whisker_R1_joint,2.660000000000002,0.12258711303150616
whisker_L0_joint,2.680000000000002,0.9809264305766678
whisker_L1_joint,2.680000000000002,0.9809279359234697
whisker_R0_joint,2.680000000000002,0.19007213164203485
whisker_R1_joint,2.680000000000002,0.03026094188958428
whisker_L0_joint,2.700000000000002,0.9218265667551542
whisker_L1_joint,2.700000000000002,0.9218300792280996
whisker_R0_joint,2.700000000000002,-0.007676518158737267
whisker_R1_joint,2.700000000000002,0.00033160705776857924
whisker_L0_joint,2.720000000000002,0.8226935628757577
whisker_L1_joint,2.720000000000002,0.822699082467059
whisker_R0_joint,2.720000000000002,0.009698213060736371
whisker_R1_joint,2.720000000000002,-6.898732838322985e-07
whisker_L0_joint,2.740000000000002,0.6835725849809755
whisker_L1_joint,2.740000000000002,0.6835801116769797
whisker_R0_joint,2.740000000000002,-9.766143148848272e-05
whisker_R1_joint,2.740000000000002,-1.956033774064281e-06
whisker_L0_joint,2.760000000000002,0.5044575587084239
whisker_L1_joint,2.760000000000002,0.5044670924929431
whisker_R0_joint,2.760000000000002,-1.4456172907628684e-06
whisker_R1_joint,2.760000000000002,-8.630472499326913e-06
whisker_L0_joint,2.780000000000002,0.285350885065899
whisker_L1_joint,2.780000000000002,0.28536242592104166
whisker_R0_joint,2.780000000000002,-4.464106058144068e-06
whisker_R1_joint,2.780000000000002,-3.2758880552208325e-05
whisker_L0_joint,2.800000000000002,0.026253068312295014
whisker_L1_joint,2.800000000000002,0.026266616214154936
whisker_R0_joint,2.800000000000002,-1.6751031630235502e-05
whisker_R1_joint,2.800000000000002,-8.649584355424622e-07
whisker_L0_joint,2.820000000000002,0.02713077003775055
whisker_L1_joint,2.820000000000002,0.02709502439899847
whisker_R0_joint,2.820000000000002,0.028459737941295415
whisker_R1_joint,2.820000000000002,0.02841282548971691
whisker_L0_joint,2.840000000000002,0.14457266093158516
whisker_L1_joint,2.840000000000002,0.14448192215809552
whisker_R0_joint,2.840000000000002,0.1454133294275275
whisker_R1_joint,2.840000000000002,0.14530287326543778
whisker_L0_joint,2.860000000000002,0.36301815059495457
whisker_L1_joint,2.860000000000002,0.36287241983289764
whisker_R0_joint,2.860000000000002,0.3633596816285589
whisker_R1_joint,2.860000000000002,0.2990176128132971
whisker_L0_joint,2.880000000000002,0.6424387503000384
whisker_L1_joint,2.880000000000002,0.6422380285866502
whisker_R0_joint,2.880000000000002,0.5301090862120574
whisker_R1_joint,2.880000000000002,0.2707976380785668
whisker_L0_joint,2.900000000000002,0.9618308505275346
whisker_L1_joint,2.900000000000002,0.9615751386929556
whisker_R0_joint,2.900000000000002,0.46064930785951574
whisker_R1_joint,2.900000000000002,0.16233566694848367
whisker_L0_joint,2.920000000000002,0.9626324201462468
whisker_L1_joint,2.920000000000002,0.9632659228119227
whisker_R0_joint,2.920000000000002,0.31197150949315855
whisker_R1_joint,2.920000000000002,0.061162008870407014
whisker_L0_joint,2.940000000000002,0.8566886835970662
whisker_L1_joint,2.940000000000002,0.8583780196705924
whisker_R0_joint,2.940000000000002,0.11429926210844066
whisker_R1_joint,2.940000000000002,-0.00039438031784655436
whisker_L0_joint,2.960000000000002,0.6707193408134673
whisker_L1_joint,2.960000000000002,0.6734644947229107
whisker_R0_joint,2.960000000000002,-6.451793578232667e-05
whisker_R1_joint,2.960000000000002,-4.592096105149324e-06
whisker_L0_joint,2.980000000000002,0.404732252637678
whisker_L1_joint,2.980000000000002,0.40853320081597033
whisker_R0_joint,2.980000000000002,-9.236933573575357e-07
whisker_R1_joint,2.980000000000002,-6.554817827364445e-05
whisker_L0_joint,3.000000000000002,0.05874795386263987
whisker_L1_joint,3.000000000000002,0.06360466413572574
whisker_R0_joint,3.000000000000002,-1.1020176235554402e-05
whisker_R1_joint,3.000000000000002,-1.046694448447738e-06
whisker_L0_joint,3.0200000000000022,-1.3483907856937094e-06
whisker_L1_joint,3.0200000000000022,0.008950180262494278
whisker_R0_joint,3.0200000000000022,-0.0001023268880553374
whisker_R1_joint,3.0200000000000022,-8.8194152345622e-06
whisker_L0_joint,3.0400000000000023,-8.841696129024967e-06
whisker_L1_joint,3.0400000000000023,-7.734412924342848e-06
whisker_R0_joint,3.0400000000000023,-1.5637581949334844e-06
whisker_R1_joint,3.0400000000000023,-6.552492533629106e-05
whisker_L0_joint,3.0600000000000023,0.009533227077164419
whisker_L1_joint,3.0600000000000023,0.00952991760453159
whisker_R0_joint,3.0600000000000023,0.00949862094276721
whisker_R1_joint,3.0600000000000023,0.00968996189119764
whisker_L0_joint,3.0800000000000023,0.08659036270048937
whisker_L1_joint,3.0800000000000023,0.08658262412294704
whisker_R0_joint,3.0800000000000023,0.08648279704326711
whisker_R1_joint,3.0800000000000023,0.08692998150979481
whisker_L0_joint,3.1000000000000023,0.28365998103879964
whisker_L1_joint,3.1000000000000023,0.2836478134478897
whisker_R0_joint,3.1000000000000023,0.2834513014428266
whisker_R1_joint,3.1000000000000023,0.2841543241754865
whisker_L0_joint,3.1200000000000023,0.5817388550875018
whisker_L1_joint,3.1200000000000023,0.5817222586197914
whisker_R0_joint,3.1200000000000023,0.5814027488727378
whisker_R1_joint,3.1200000000000023,0.5823616019647364
whisker_L0_joint,3.1400000000000023,0.940826098613571
whisker_L1_joint,3.1400000000000023,0.9408050733782511
whisker_R0_joint,3.1400000000000023,0.9403377598640574
whisker_R1_joint,3.1400000000000023,0.9415524369971644
whisker_L0_joint,3.1600000000000024,0.9576043991746914
whisker_L1_joint,3.1600000000000024,0.9576526030919652
whisker_R0_joint,3.1600000000000024,0.9587468996850887
whisker_R1_joint,3.1600000000000024,0.9559620626339402
whisker_L0_joint,3.1800000000000024,0.8374396499390517
whisker_L1_joint,3.1800000000000024,0.8375754969581521
whisker_R0_joint,3.1800000000000024,0.8406418341929598
whisker_R1_joint,3.1800000000000024,0.8327936793471409
whisker_L0_joint,3.2000000000000024,0.6372871957428856
whisker_L1_joint,3.2000000000000024,0.6375106844644023
whisker_R0_joint,3.2000000000000024,0.6425271098221934
whisker_R1_joint,3.2000000000000024,0.6296157184841427
whisker_L0_joint,3.2200000000000024,0.35714762760931507
whisker_L1_joint,3.2200000000000024,0.3574587559288709
whisker_R0_joint,3.2200000000000024,0.36440533396855734
whisker_R1_joint,3.2200000000000024,0.34643082815901494
whisker_L0_joint,3.2400000000000024,-0.002977248228413387
whisker_L1_joint,3.2400000000000024,-0.0025784831447648315
whisker_R0_joint,3.2400000000000024,0.006279159373541177
whisker_R1_joint,3.2400000000000024,-0.016758298619226508
whisker_L0_joint,3.2600000000000025,-3.4333574490119645e-05
whisker_L1_joint,3.2600000000000025,-2.9737496132220542e-05
whisker_R0_joint,3.2600000000000025,0.004230283278672253
whisker_R1_joint,3.2600000000000025,0.012334281734116992
whisker_L0_joint,3.2800000000000025,-8.396624542328368e-07
whisker_L1_joint,3.2800000000000025,-8.306937138158332e-07
whisker_R0_joint,3.2800000000000025,-3.357501343881353e-05
whisker_R1_joint,3.2800000000000025,-5.855023834211437e-05
whisker_L0_joint,3.3000000000000025,-3.6739238842287136e-06
whisker_L1_joint,3.3000000000000025,-3.67304653803302e-06
whisker_R0_joint,3.3000000000000025,-8.6312769198571e-07
whisker_R1_joint,3.3000000000000025,-1.006881330312126e-06
whisker_L0_joint,3.3200000000000025,0.00951369151854653
whisker_L1_joint,3.3200000000000025,0.009513689852146179
whisker_R0_joint,3.3200000000000025,0.009500739177663142
whisker_R1_joint,3.3200000000000025,0.009500924220619211
whisker_L0_joint,3.3400000000000025,0.0865378889055286
whisker_L1_joint,3.3400000000000025,0.08653788372903026
whisker_R0_joint,3.3400000000000025,0.08649438032519718
whisker_R1_joint,3.3400000000000025,0.08649514038006423
whisker_L0_joint,3.3600000000000025,0.26456809643371404
whisker_L1_joint,3.3600000000000025,0.26456808774750584
whisker_R0_joint,3.3600000000000025,0.2644798374369497
whisker_R1_joint,3.3600000000000025,0.26448117249486813
whisker_L0_joint,3.3800000000000026,0.503602801166763
whisker_L1_joint,3.3800000000000026,0.5036027889708503
whisker_R0_joint,3.3800000000000026,0.5034575437181932
whisker_R1_joint,3.3800000000000026,0.5034594537700636
whisker_L0_joint,3.4000000000000026,0.7826417212888703
whisker_L1_joint,3.4000000000000026,0.7826417055830728
whisker_R0_joint,3.4000000000000026,0.7824276562558499
whisker_R1_joint,3.4000000000000026,0.7824301412941992
whisker_L0_joint,3.4200000000000026,0.9995003285000079
whisker_L1_joint,3.4200000000000026,0.9995003285003268
whisker_R0_joint,3.4200000000000026,0.9994996718694447
whisker_R1_joint,3.4200000000000026,0.9994996718693256
whisker_L0_joint,3.4400000000000026,0.9468090124917152
whisker_L1_joint,3.4400000000000026,0.9468090858468479
whisker_R0_joint,3.4400000000000026,0.9478906703532131
whisker_R1_joint,3.4400000000000026,0.9478790052708232
whisker_L0_joint,3.4600000000000026,0.814123211019333
whisker_L1_joint,3.4600000000000026,0.8141233577288158
whisker_R0_joint,3.4600000000000026,0.8162771119253636
whisker_R1_joint,3.4600000000000026,0.8162537818676414
whisker_L0_joint,3.4800000000000026,0.6014434426940278
whisker_L1_joint,3.4800000000000026,0.6014436627568216
whisker_R0_joint,3.4800000000000026,0.6046605951248987
whisker_R1_joint,3.4800000000000026,0.6046256002922599
whisker_L0_joint,3.5000000000000027,0.3087712431648564
whisker_L1_joint,3.5000000000000027,0.30877153657945655
whisker_R0_joint,3.5000000000000027,0.31304298208876613
whisker_R1_joint,3.5000000000000027,0.31299632277494194
whisker_L0_joint,3.5200000000000027,-0.0014807959797717984
whisker_L1_joint,3.5200000000000027,-0.0014806138317275952
whisker_R0_joint,3.5200000000000027,-0.010891369492984637
whisker_R1_joint,3.5200000000000027,-0.010925663772411554
whisker_L0_joint,3.5400000000000027,-1.7085903061264673e-05
whisker_L1_joint,3.5400000000000027,-1.7083934173989235e-05
whisker_R0_joint,3.5400000000000027,0.014369899403178898
whisker_R1_joint,3.5400000000000027,0.0145642330090201
whisker_L0_joint,3.5600000000000027,0.009551898402045289
whisker_L1_joint,3.5600000000000027,0.009551892684347862
whisker_R0_joint,3.5600000000000027,0.0071138388539013775
whisker_R1_joint,3.5600000000000027,0.007536800504728269
whisker_L0_joint,3.5800000000000027,0.08662320428118964
whisker_L1_joint,3.5800000000000027,0.08662319068662772
whisker_R0_joint,3.5800000000000027,0.06735519420719349
whisker_R1_joint,3.5800000000000027,0.06800678322321829
whisker_L0_joint,3.6000000000000028,0.28369613508581804
whisker_L1_joint,3.6000000000000028,0.2836961136145746
whisker_R0_joint,3.6000000000000028,0.24759205663379547
whisker_R1_joint,3.6000000000000028,0.2484722688796852
whisker_L0_joint,3.6200000000000028,0.5817684979910371
whisker_L1_joint,3.6200000000000028,0.5817684686430411
whisker_R0_joint,3.6200000000000028,0.5288222315571565
whisker_R1_joint,3.6200000000000028,0.529931060466927
whisker_L0_joint,3.640000000000003,0.9408398587496647
whisker_L1_joint,3.640000000000003,0.9408398215249241
whisker_R0_joint,3.640000000000003,0.8710456948728549
whisker_R1_joint,3.640000000000003,0.8723831350685982
whisker_L0_joint,3.660000000000003,0.957665764279855
whisker_L1_joint,3.660000000000003,0.9576658496392598
whisker_R0_joint,3.660000000000003,0.9757516006603302
whisker_R1_joint,3.660000000000003,0.9737511730663995
whisker_L0_joint,3.680000000000003,0.8375932945268287
whisker_L1_joint,3.680000000000003,0.8375935350848005
whisker_R0_joint,3.680000000000003,0.8658967576148369
whisker_R1_joint,3.680000000000003,0.8581808413489656
whisker_L0_joint,3.700000000000003,0.6375250973094149
whisker_L1_joint,3.700000000000003,0.6375254930637242
whisker_R0_joint,3.700000000000003,0.6760401578870292
whisker_R1_joint,3.700000000000003,0.6626088403419201
whisker_L0_joint,3.720000000000003,0.3574624488857401
whisker_L1_joint,3.720000000000003,0.35746299983308116
whisker_R0_joint,3.720000000000003,0.40618365480753393
whisker_R1_joint,3.720000000000003,0.38703706916860714
whisker_L0_joint,3.740000000000003,-0.00259253396132042
whisker_L1_joint,3.740000000000003,-0.0025918278293444175
whisker_R0_joint,3.740000000000003,0.05632953695346021
whisker_R1_joint,3.740000000000003,0.03146786248282485
whisker_L0_joint,3.760000000000003,-2.9898326634025807e-05
whisker_L1_joint,3.760000000000003,-2.9890271441956884e-05
whisker_R0_joint,3.760000000000003,-6.902747857395752e-05
whisker_R1_joint,3.760000000000003,-4.984146687725399e-05
whisker_L0_joint,3.780000000000003,-0.0001999350157468882
whisker_L1_joint,3.780000000000003,-0.00019993022308373298
whisker_R0_joint,3.780000000000003,-1.2572317462655747e-06
whisker_R1_joint,3.780000000000003,-1.1579247729542885e-06
whisker_L0_joint,3.800000000000003,-2.454759191472533e-06
whisker_L1_joint,3.800000000000003,-2.456061930722342e-06
whisker_R0_joint,3.800000000000003,-5.681535879098476e-06
whisker_R1_joint,3.800000000000003,-4.579978357455161e-06
whisker_L0_joint,3.820000000000003,0.009507481899227344
whisker_L1_joint,3.820000000000003,0.009507487806349246
whisker_R0_joint,3.820000000000003,0.00951723650729086
whisker_R1_joint,3.820000000000003,0.009513955643876137
whisker_L0_joint,3.840000000000003,0.08651913597789918
whisker_L1_joint,3.840000000000003,0.08651914709528086
whisker_R0_joint,3.840000000000003,0.08653781915407688
whisker_R1_joint,3.840000000000003,0.08653013207970606
whisker_L0_joint,3.860000000000003,0.26453146256498883
whisker_L1_joint,3.860000000000003,0.26453147889287454
whisker_R0_joint,3.860000000000003,0.2645555613334434
whisker_R1_joint,3.860000000000003,0.26454346811744145
whisker_L0_joint,3.880000000000003,0.5035432154358785
whisker_L1_joint,3.880000000000003,0.503543236974128
whisker_R0_joint,3.880000000000003,0.5035706081457043
whisker_R1_joint,3.880000000000003,0.5035541088569184
whisker_L0_joint,3.900000000000003,0.7825544845010111
whisker_L1_joint,3.900000000000003,0.7825545112497778
whisker_R0_joint,3.900000000000003,0.7825827475095499
whisker_R1_joint,3.900000000000003,0.7825618422046432
whisker_L0_joint,3.920000000000003,0.9995001979361229
whisker_L1_joint,3.920000000000003,0.9995001979362597
whisker_R0_joint,3.920000000000003,0.9994998022266355
whisker_R1_joint,3.920000000000003,0.9994998022245083
whisker_L0_joint,3.940000000000003,0.947246532479574
whisker_L1_joint,3.940000000000003,0.947246409853757
whisker_R0_joint,3.940000000000003,0.9471385283506546
whisker_R1_joint,3.940000000000003,0.9472353673532465
whisker_L0_joint,3.960000000000003,0.8149946414210651
whisker_L1_joint,3.960000000000003,0.8149943961703832
whisker_R0_joint,3.960000000000003,0.8147764428613318
whisker_R1_joint,3.960000000000003,0.8149701199729753
whisker_L0_joint,3.980000000000003,0.6027457709771733
whisker_L1_joint,3.980000000000003,0.6027454031037189
whisker_R0_joint,3.980000000000003,0.6024144226977164
whisker_R1_joint,3.980000000000003,0.6027049362476466
whisker_L0_joint,4.000000000000003,0.3105009709691666
whisker_L1_joint,4.000000000000003,0.3105004804764624
whisker_R0_joint,4.000000000000003,0.3100548043099387
whisker_R1_joint,4.000000000000003,0.31044215185520496
whisker_L0_joint,4.020000000000002,-0.00041076732845279906
whisker_L1_joint,4.020000000000002,-0.0004110718295473603
whisker_R0_joint,4.020000000000002,-0.0006897439830879648
whisker_R1_joint,4.020000000000002,-0.0004492814814138768
whisker_L0_joint,4.040000000000002,-4.795547547509216e-06
whisker_L1_joint,4.040000000000002,-4.799570278102294e-06
whisker_R0_joint,4.040000000000002,-7.988623884180868e-06
whisker_R1_joint,4.040000000000002,-5.236115865336899e-06
whisker_L0_joint,4.060000000000001,0.009513900041543621
whisker_L1_joint,4.060000000000001,0.009513912830290572
whisker_R0_joint,4.060000000000001,0.009524585488431825
whisker_R1_joint,4.060000000000001,0.009516355680183608
whisker_L0_joint,4.080000000000001,0.08653311273305953
whisker_L1_joint,4.080000000000001,0.08653314161198011
whisker_R0_joint,4.080000000000001,0.08655619836232642
whisker_R1_joint,4.080000000000001,0.08653695857069454
whisker_L0_joint,4.1000000000000005,0.2835493890570211
whisker_L1_joint,4.1000000000000005,0.2835494340261837
whisker_R0_joint,4.1000000000000005,0.2835875649347921
whisker_R1_joint,4.1000000000000005,0.26024145121354625
whisker_L0_joint,4.12,0.581533195587455
whisker_L1_joint,4.12,0.5815332566467797
whisker_R0_joint,4.12,0.5203247491668517
whisker_R1_joint,4.12,0.30906617149188076
whisker_L0_joint,4.14,0.9404610346565434
whisker_L1_joint,4.14,0.9404611118070774
whisker_R0_joint,4.14,0.5124339160831015
whisker_R1_joint,4.14,0.20726099599782533
whisker_L0_joint,4.159999999999999,0.9584885515655337
whisker_L1_joint,4.159999999999999,0.9584883747548183
whisker_R0_joint,4.159999999999999,0.3410621086413448
whisker_R1_joint,4.159999999999999,0.08596998936922429
whisker_L0_joint,4.179999999999999,0.8399222115939633
whisker_L1_joint,4.179999999999999,0.8399217133134265
whisker_R0_joint,4.179999999999999,0.11398799525753578
whisker_R1_joint,4.179999999999999,-0.0010071633716668416
whisker_L0_joint,4.199999999999998,0.6413135976170139
whisker_L1_joint,4.199999999999998,0.6413127778752745
whisker_R0_joint,4.199999999999998,0.0061448843067433145
whisker_R1_joint,4.199999999999998,-1.1615542772069887e-05
whisker_L0_joint,4.219999999999998,0.36268358206057805
whisker_L1_joint,4.219999999999998,0.3626824408649689
whisker_R0_joint,4.219999999999998,-0.00019063672074093319
whisker_R1_joint,4.219999999999998,-3.8805457069912563e-07
whisker_L0_joint,4.2399999999999975,0.004050209047594677
whisker_L1_joint,4.2399999999999975,0.004048746469379694
whisker_R0_joint,4.2399999999999975,-2.362008509670943e-06
whisker_R1_joint,4.2399999999999975,-4.588654783255208e-06
whisker_L0_joint,4.259999999999997,0.01054207070520441
whisker_L1_joint,4.259999999999997,0.010546211078111156
whisker_R0_joint,4.259999999999997,-1.7201016849988093e-05
whisker_R1_joint,4.259999999999997,-3.348133248248786e-05
whisker_L0_joint,4.279999999999997,-0.0001802816138249952
whisker_L1_joint,4.279999999999997,-0.00017969735114942154
whisker_R0_joint,4.279999999999997,-0.00010236716958278436
whisker_R1_joint,4.279999999999997,-0.00019969579739331778
whisker_L0_joint,4.299999999999996,-2.1431418275597025e-06
whisker_L1_joint,4.299999999999996,-2.1372329523927647e-06
whisker_R0_joint,4.299999999999996,-1.293514252154182e-06
whisker_R1_joint,4.299999999999996,-2.362637943953416e-06
whisker_L0_joint,4.319999999999996,0.009510588648768525
whisker_L1_joint,4.319999999999996,0.009510572093252456
whisker_R0_joint,4.319999999999996,0.009499970067155417
whisker_R1_joint,4.319999999999996,0.009503101846960682
whisker_L0_joint,4.339999999999995,0.08653124076426533
whisker_L1_joint,4.339999999999995,0.08653120057087804
whisker_R0_joint,4.339999999999995,0.08649271381040258
whisker_R1_joint,4.339999999999995,0.08650012208399716
whisker_L0_joint,4.359999999999995,0.2645565303477522
whisker_L1_joint,4.359999999999995,0.264556466515538
whisker_R0_joint,4.359999999999995,0.26447849224685527
whisker_R1_joint,4.359999999999995,0.2524591773329323
whisker_L0_joint,4.379999999999995,0.5035691509224396
whisker_L1_joint,4.379999999999995,0.5035690634512759
whisker_R0_joint,4.379999999999995,0.48390788136493423
whisker_R1_joint,4.379999999999995,0.30530096514011795
whisker_L0_joint,4.399999999999994,0.7825512682766949
whisker_L1_joint,4.399999999999994,0.7825511571668571
whisker_R0_joint,4.399999999999994,0.5240846911119972
whisker_R1_joint,4.399999999999994,0.21923610427844764
whisker_L0_joint,4.419999999999994,0.9995004955110955
whisker_L1_joint,4.419999999999994,0.9995004955110689
whisker_R0_joint,4.419999999999994,0.39137443336748756
whisker_R1_joint,4.419999999999994,0.1181199019682655
whisker_L0_joint,4.439999999999993,0.947384709539338
whisker_L1_joint,4.439999999999993,0.9473852248921544
whisker_R0_joint,4.439999999999993,0.19603904616937395
whisker_R1_joint,4.439999999999993,-0.001997046391443824
whisker_L0_joint,4.459999999999993,0.8152396955195202
whisker_L1_joint,4.459999999999993,0.8152407262206625
whisker_R0_joint,4.459999999999993,-0.0009659394490810769
whisker_R1_joint,4.459999999999993,-2.3043995337701517e-05
whisker_L0_joint,4.479999999999992,0.6030577120949898
whisker_L1_joint,4.479999999999992,0.6030592581364944
whisker_R0_joint,4.479999999999992,-1.1158343458106401e-05
whisker_R1_joint,4.479999999999992,-0.00019969387388485416
whisker_L0_joint,4.499999999999992,0.31087525290277274
whisker_L1_joint,4.499999999999992,0.3108773142726422
whisker_R0_joint,4.499999999999992,-0.00016001741133919722
whisker_R1_joint,4.499999999999992,-2.368011091213873e-06
whisker_L0_joint,4.519999999999992,-0.00019398155063488076
whisker_L1_joint,4.519999999999992,-0.0001927020805760904
whisker_R0_joint,4.519999999999992,-1.9810395306407713e-06
whisker_R1_joint,4.519999999999992,-3.350947902891477e-05
whisker_L0_joint,4.539999999999991,-2.417918054220536e-06
whisker_L1_joint,4.539999999999991,-2.405986870179788e-06
whisker_R0_joint,4.539999999999991,-1.720470359956039e-05
whisker_R1_joint,4.539999999999991,1.1187024977488136e-06
whisker_L0_joint,4.559999999999991,-8.600599357144745e-06
whisker_L1_joint,4.559999999999991,-8.600068623465518e-06
whisker_R0_joint,4.559999999999991,-6.37143254067496e-05
whisker_R1_joint,4.559999999999991,-3.0179113741368724e-06
whisker_L0_joint,4.57999999999999,0.028531705952731024
whisker_L1_joint,4.57999999999999,0.028531705006664687
whisker_R0_joint,4.57999999999999,0.02868529244276896
whisker_R1_joint,4.57999999999999,0.028503400349221053
whisker_L0_joint,4.59999999999999,0.11708402612690882
whisker_L1_joint,4.59999999999999,0.11708402305744947
whisker_R0_joint,4.59999999999999,0.11742190543141273
whisker_R1_joint,4.59999999999999,0.11699722894057363
whisker_L0_joint,4.6199999999999894,0.24664472124195136
whisker_L1_joint,4.6199999999999894,0.24664471604865756
whisker_R0_joint,4.6199999999999894,0.24714952756454078
whisker_R1_joint,4.6199999999999894,0.23357434038591052
whisker_L0_joint,4.639999999999989,0.3772036675474544
whisker_L1_joint,4.639999999999989,0.3772036602300055
whisker_R0_joint,4.639999999999989,0.37787889295021504
whisker_R1_joint,4.639999999999989,0.2379744903129435
whisker_L0_joint,4.659999999999989,0.48776568668746734
whisker_L1_joint,4.659999999999989,0.4877656772457213
whisker_R0_joint,4.659999999999989,0.4440237784541008
whisker_R1_joint,4.659999999999989,0.15478903455959525
whisker_L0_joint,4.679999999999988,0.5498328035565496
whisker_L1_joint,4.679999999999988,0.5498327919904442
whisker_R0_joint,4.679999999999988,0.37849968826841973
whisker_R1_joint,4.679999999999988,0.02138161767504876
whisker_L0_joint,4.699999999999988,0.5318766810431832
whisker_L1_joint,4.699999999999988,0.5318766673530941
whisker_R0_joint,4.699999999999988,0.2259507730886714
whisker_R1_joint,4.699999999999988,-0.00012368583498290064
whisker_L0_joint,4.719999999999987,0.4339156462345599
whisker_L1_joint,4.719999999999987,0.4339156304212697
whisker_R0_joint,4.719999999999987,-0.006591015581411952
whisker_R1_joint,4.719999999999987,-1.7316080977991533e-06
whisker_L0_joint,4.739999999999987,0.2559040063888247
whisker_L1_joint,4.739999999999987,0.2559039884544472
whisker_R0_joint,4.739999999999987,-7.03684790988035e-05
whisker_R1_joint,4.739999999999987,-1.1006782387745773e-05
whisker_L0_joint,4.7599999999999865,-0.002113925357615898
whisker_L1_joint,4.7599999999999865,-0.002113945412650864
whisker_R0_joint,4.7599999999999865,-9.8431622141959e-07
whisker_R1_joint,4.7599999999999865,-0.00016000829881956946
whisker_L0_joint,4.779999999999986,-2.438281951722132e-05
whisker_L1_joint,4.779999999999986,-2.4383158801377647e-05
whisker_R0_joint,4.779999999999986,-1.1024919934321531e-05
whisker_R1_joint,4.779999999999986,-1.9959723536189244e-06
whisker_L0_joint,4.799999999999986,-0.00015980952345717725
whisker_L1_joint,4.799999999999986,-0.00015980587434683002
whisker_R0_joint,4.799999999999986,-8.17864537552282e-05
whisker_R1_joint,4.799999999999986,-1.720434851915087e-05
whisker_L0_joint,4.819999999999985,0.009983103775043745
whisker_L1_joint,4.819999999999985,0.009983092870399446
whisker_R0_joint,4.819999999999985,0.009741695407574191
whisker_R1_joint,4.819999999999985,0.009547984187860514
whisker_L0_joint,4.839999999999985,0.08763579894057205
whisker_L1_joint,4.839999999999985,0.08763577343954143
whisker_R0_joint,4.839999999999985,0.0870550214669823
whisker_R1_joint,4.839999999999985,0.08660298309140657
whisker_L0_joint,4.859999999999984,0.28529475547316707
whisker_L1_joint,4.859999999999984,0.28529471537721296
whisker_R0_joint,4.859999999999984,0.2843588767583416
whisker_R1_joint,4.859999999999984,0.275253904946573
whisker_L0_joint,4.879999999999984,0.583932144518573
whisker_L1_joint,4.879999999999984,0.5839320898280684
whisker_R0_joint,4.879999999999984,0.5457504751185356
whisker_R1_joint,4.879999999999984,0.3678484582751249
whisker_L0_joint,4.8999999999999835,0.9625121318370784
whisker_L1_joint,4.8999999999999835,0.9625120625526327
whisker_R0_joint,4.8999999999999835,0.5853527938239704
whisker_R1_joint,4.8999999999999835,0.28011417987431386
whisker_L0_joint,4.919999999999983,0.9956478341244104
whisker_L1_joint,4.919999999999983,0.9956480181093985
whisker_R0_joint,4.919999999999983,0.4314906553535174
whisker_R1_joint,4.919999999999983,0.17453967506977897
whisker_L0_joint,4.939999999999983,0.9761992757477227
whisker_L1_joint,4.939999999999983,0.976199742762982
whisker_R0_joint,4.939999999999983,0.2454771923148158
whisker_R1_joint,4.939999999999983,0.06006647001150789
whisker_L0_joint,4.959999999999982,0.916756500254575
whisker_L1_joint,4.959999999999982,0.9167572503009174
whisker_R0_joint,4.959999999999982,0.019459275048166802
whisker_R1_joint,4.959999999999982,-9.977890827705949e-05
whisker_L0_joint,4.979999999999982,0.8172798167371429
whisker_L1_joint,4.979999999999982,0.8172808498146624
whisker_R0_joint,4.979999999999982,-0.00016115053555409986
whisker_R1_joint,4.979999999999982,-1.2907241000448266e-06
whisker_L0_joint,4.999999999999981,0.6778097805385812
whisker_L1_joint,4.999999999999981,0.6778110966451321
whisker_R0_joint,4.999999999999981,-1.9572491405384085e-06
whisker_R1_joint,4.999999999999981,-8.613616285124692e-06
whisker_L0_joint,5.019999999999981,0.49834845707246345
whisker_L1_joint,5.019999999999981,0.49835005620522477
whisker_R0_joint,5.019999999999981,-1.0739121877101354e-05
whisker_R1_joint,5.019999999999981,-4.083715158298418e-05
whisker_L0_joint,5.0399999999999805,0.2788963373202087
whisker_L1_joint,5.0399999999999805,0.2788982194761731
whisker_R0_joint,5.0399999999999805,-3.276427244003344e-05
whisker_R1_joint,5.0399999999999805,1.2612068331918636e-06
whisker_L0_joint,5.05999999999998,0.0194547135283063
whisker_L1_joint,5.05999999999998,0.01945687870475954
whisker_R0_joint,5.05999999999998,-9.971730126512313e-05
whisker_R1_joint,5.05999999999998,-1.7111818157999892e-06
whisker_L0_joint,5.07999999999998,0.04489617915486743
whisker_L1_joint,5.07999999999998,0.04489047613492758
whisker_R0_joint,5.07999999999998,0.028699393495809744
whisker_R1_joint,5.07999999999998,0.02840578399357252
whisker_L0_joint,5.099999999999979,0.1611703471749566
whisker_L1_joint,5.099999999999979,0.1611558703232694
whisker_R0_joint,5.099999999999979,0.11747385278235178
whisker_R1_joint,5.099999999999979,0.11678822085222418
whisker_L0_joint,5.119999999999979,0.31845652585094175
whisker_L1_joint,5.119999999999979,0.3184332752293919
whisker_R0_joint,5.119999999999979,0.24723548673134577
whisker_R1_joint,5.119999999999979,0.24615783457044849
whisker_L0_joint,5.139999999999978,0.4767545085954117
whisker_L1_joint,5.139999999999978,0.4767224842058688
whisker_R0_joint,5.139999999999978,0.37798528791888764
whisker_R1_joint,5.139999999999978,0.3765156155896623
whisker_L0_joint,5.159999999999978,0.6150651029839294
whisker_L1_joint,5.159999999999978,0.6150243047921817
whisker_R0_joint,5.159999999999978,0.48872298027794603
whisker_R1_joint,5.159999999999978,0.48686128654432537
whisker_L0_joint,5.1799999999999775,0.7048882756454926
whisker_L1_joint,5.1799999999999775,0.7048387035934018
whisker_R0_joint,5.1799999999999775,0.5509486913924428
whisker_R1_joint,5.1799999999999775,0.5486949743172307
whisker_L0_joint,5.199999999999977,0.7147227073041016
whisker_L1_joint,5.199999999999977,0.7146643613479879
whisker_R0_joint,5.199999999999977,0.533163398791535
whisker_R1_joint,5.199999999999977,0.5305176575203134
whisker_L0_joint,5.219999999999977,0.6445671750208479
whisker_L1_joint,5.219999999999977,0.6445000551872697
whisker_R0_joint,5.219999999999977,0.4353683964141535
whisker_R1_joint,5.219999999999977,0.43233063324322707
whisker_L0_joint,5.239999999999976,0.49442124501022455
whisker_L1_joint,5.239999999999976,0.4943453513956504
whisker_R0_joint,5.239999999999976,0.2575654705905297
whisker_R1_joint,5.239999999999976,0.25413569095053035
whisker_L0_joint,5.259999999999976,0.2642861136355048
whisker_L1_joint,5.259999999999976,0.26420144640638465
whisker_R0_joint,5.259999999999976,-0.0002439938630178773
whisker_R1_joint,5.259999999999976,-0.004065758255464402
whisker_L0_joint,5.279999999999975,-0.006994054698973073
whisker_L1_joint,5.279999999999975,-0.007049592710051122
whisker_R0_joint,5.279999999999975,-2.9176946805264947e-06
whisker_R1_joint,5.279999999999975,-4.688148971254691e-05
whisker_L0_joint,5.299999999999975,-1.0435322219670695e-05
whisker_L1_joint,5.299999999999975,-0.0003797725335648039
whisker_R0_joint,5.299999999999975,-2.6839221536789637e-05
whisker_R1_joint,5.299999999999975,-9.898009061259927e-07
whisker_L0_joint,5.3199999999999745,0.009534059117814131
whisker_L1_joint,5.3199999999999745,0.010642030441537997
whisker_R0_joint,5.3199999999999745,0.009577821108446294
whisker_R1_joint,5.3199999999999745,0.009500932551535612
whisker_L0_joint,5.339999999999974,0.08658554815692021
whisker_L1_joint,5.339999999999974,0.08917086161432586
whisker_R0_joint,5.339999999999974,0.08667512318117687
whisker_R1_joint,5.339999999999974,0.0864948374011334
whisker_L0_joint,5.359999999999974,0.28364235518858205
whisker_L1_joint,5.359999999999974,0.2877049802144276
whisker_R0_joint,5.359999999999974,0.2837639273318553
whisker_R1_joint,5.359999999999974,0.28348024645431824
whisker_L0_joint,5.379999999999973,0.5817019784157464
whisker_L1_joint,5.379999999999973,0.5872418692892296
whisker_R0_joint,5.379999999999973,0.5818421618570353
whisker_R1_joint,5.379999999999973,0.5814550890700323
whisker_L0_joint,5.399999999999973,0.9597621163576999
whisker_L1_joint,5.399999999999973,0.9667792230057355
whisker_R0_joint,5.399999999999973,0.9599083381853584
whisker_R1_joint,5.399999999999973,0.9594178769837853
whisker_L0_joint,5.419999999999972,1.0000265489051374
whisker_L1_joint,5.419999999999972,0.9842965521415357
whisker_R0_joint,5.419999999999972,1.0000226997163821
whisker_R1_joint,5.419999999999972,1.000025875448241
whisker_L0_joint,5.439999999999972,0.9809221273555417
whisker_L1_joint,5.439999999999972,0.9473741126493147
whisker_R0_joint,5.439999999999972,0.9809301331481617
whisker_R1_joint,5.439999999999972,0.9809206059574382
whisker_L0_joint,5.4599999999999715,0.9218231932881347
whisker_L1_joint,5.4599999999999715,0.8704571949707072
whisker_R0_joint,5.4599999999999715,0.921832170784187
whisker_R1_joint,5.4599999999999715,0.9218099406958888
whisker_L0_joint,5.479999999999971,0.8227293044179129
whisker_L1_joint,5.479999999999971,0.7535454017271848
whisker_R0_joint,5.479999999999971,0.8227294990739171
whisker_R1_joint,5.479999999999971,0.8226945661387681
whisker_L0_joint,5.499999999999971,0.6836406567728082
whisker_L1_joint,5.499999999999971,0.5966389644564343
whisker_R0_joint,5.499999999999971,0.6836223233499563
whisker_R1_joint,5.499999999999971,0.6835746876439881
whisker_L0_joint,5.51999999999997,0.5045571484518669
whisker_L1_joint,5.51999999999997,0.3997378163348211
whisker_R0_joint,5.51999999999997,0.5045112968726322
whisker_R1_joint,5.51999999999997,0.5044509584966956
whisker_L0_joint,5.53999999999997,0.28547883223772264
whisker_L1_joint,5.53999999999997,0.1628420444329448
whisker_R0_joint,5.53999999999997,0.28539705349453115
whisker_R1_joint,5.53999999999997,0.28532401257409923
whisker_L0_joint,5.559999999999969,0.026424918549106557
whisker_L1_joint,5.559999999999969,0.0029352632953871804
whisker_R0_joint,5.559999999999969,0.02626128401571215
whisker_R1_joint,5.559999999999969,0.02617554070336503
whisker_L0_joint,5.579999999999969,0.026659665083153428
whisker_L1_joint,5.579999999999969,0.0677448469392603
whisker_R0_joint,5.579999999999969,0.027125074030470486
whisker_R1_joint,5.579999999999969,0.027351308494631077
whisker_L0_joint,5.599999999999969,0.14336932707837935
whisker_L1_joint,5.599999999999969,0.22105211219272203
whisker_R0_joint,5.599999999999969,0.14454495625392116
whisker_R1_joint,5.599999999999969,0.14511924106687513
whisker_L0_joint,5.619999999999968,0.3610800552373261
whisker_L1_joint,5.619999999999968,0.47535960161766155
whisker_R0_joint,5.619999999999968,0.36296014804461585
whisker_R1_joint,5.619999999999968,0.36388247596434553
whisker_L0_joint,5.639999999999968,0.6397911143980926
whisker_L1_joint,5.639999999999968,0.790666687191881
whisker_R0_joint,5.639999999999968,0.6423703684346567
whisker_R1_joint,5.639999999999968,0.6436407329348706
whisker_L0_joint,5.659999999999967,0.9584776346332573
whisker_L1_joint,5.659999999999967,0.9952741638245683
whisker_R0_joint,5.659999999999967,0.9618006345176768
whisker_R1_joint,5.659999999999967,0.9634190303803951
whisker_L0_joint,5.679999999999967,0.970944207981872
whisker_L1_joint,5.679999999999967,0.93157226154295
whisker_R0_joint,5.679999999999967,0.9626669200832243
whisker_R1_joint,5.679999999999967,0.9586574936591186
whisker_L0_joint,5.699999999999966,0.8788528743095272
whisker_L1_joint,5.699999999999966,0.8193833294415818
whisker_R0_joint,5.699999999999966,0.8567771868605316
whisker_R1_joint,5.699999999999966,0.8460854120572501
whisker_L0_joint,5.719999999999966,0.7067647522523659
whisker_L1_joint,5.719999999999966,0.6271978946859669
whisker_R0_joint,5.719999999999966,0.6708862868218883
whisker_R1_joint,5.719999999999966,0.6535122633798798
whisker_L0_joint,5.739999999999966,0.45468091963226964
whisker_L1_joint,5.739999999999966,0.3550171960077293
whisker_R0_joint,5.739999999999966,0.4049960089540381
whisker_R1_joint,5.739999999999966,0.38093989011086027
whisker_L0_joint,5.759999999999965,0.12260342695067639
whisker_L1_joint,5.759999999999965,0.00284344647775292
whisker_R0_joint,5.759999999999965,0.05910845113224639
whisker_R1_joint,5.759999999999965,0.02837044369799724
whisker_L0_joint,5.779999999999965,0.004447398263900837
whisker_L1_joint,5.779999999999965,0.012940970678616104
whisker_R0_joint,5.779999999999965,0.01923072918055535
whisker_R1_joint,5.779999999999965,-7.11225880190014e-05
whisker_L0_joint,5.799999999999964,-2.2727870991445798e-05
whisker_L1_joint,5.799999999999964,-3.9740830939827276e-05
whisker_R0_joint,5.799999999999964,-0.0008697222145208627
whisker_R1_joint,5.799999999999964,-1.2440735037699824e-06
whisker_L0_joint,5.819999999999964,0.009568114982783094
whisker_L1_joint,5.819999999999964,0.009619142968537275
whisker_R0_joint,5.819999999999964,0.012109259318576981
whisker_R1_joint,5.819999999999964,0.009504475368053988
whisker_L0_joint,5.839999999999963,0.08666045227435948
whisker_L1_joint,5.839999999999963,0.08677953173466779
whisker_R0_joint,5.839999999999963,0.09258639565549753
whisker_R1_joint,5.839999999999963,0.08650771640557053
whisker_L0_joint,5.859999999999963,0.28375284309416493
whisker_L1_joint,5.859999999999963,0.2839399726289704
whisker_R0_joint,5.859999999999963,0.2930602227165
whisker_R1_joint,5.859999999999963,0.28350772049932615
whisker_L0_joint,5.879999999999963,0.581842861181026
whisker_L1_joint,5.879999999999963,0.5820980386909476
whisker_R0_joint,5.879999999999963,0.5945285616278673
whisker_R1_joint,5.879999999999963,0.5815023443213851
whisker_L0_joint,5.899999999999962,0.940930251496793
whisker_L1_joint,5.899999999999962,0.9412534752932018
whisker_R0_joint,5.899999999999962,0.9569913204340104
whisker_R1_joint,5.899999999999962,0.940491474659864
whisker_L0_joint,5.919999999999962,0.9573670012537745
whisker_L1_joint,5.919999999999962,0.9566259725992374
whisker_R0_joint,5.919999999999962,0.9587938120326607
whisker_R1_joint,5.919999999999962,0.9583931074725758
whisker_L0_joint,5.939999999999961,0.8367632681856607
whisker_L1_joint,5.939999999999961,0.8346749206720823
whisker_R0_joint,5.939999999999961,0.8464248288805338
whisker_R1_joint,5.939999999999961,0.839652136931285
whisker_L0_joint,5.959999999999961,0.6361621951228278
whisker_L1_joint,5.959999999999961,0.6327265504769795
whisker_R0_joint,5.959999999999961,0.6540557435468566
whisker_R1_joint,5.959999999999961,0.6409111632939357
whisker_L0_joint,5.9799999999999605,0.3555652109156915
whisker_L1_joint,5.9799999999999605,0.3507823016626723
whisker_R0_joint,5.9799999999999605,0.3816882759082185
whisker_R1_joint,5.9799999999999605,0.3621719575021043
whisker_L0_joint,5.99999999999996,-0.005025140597255451
whisker_L1_joint,5.99999999999996,-0.011155268020528908
whisker_R0_joint,5.99999999999996,0.02932431549422443
whisker_R1_joint,5.99999999999996,0.0034364675322944294
whisker_L0_joint,6.01999999999996,-5.794199150077617e-05
whisker_L1_joint,6.01999999999996,-0.00027862786985277666
whisker_R0_joint,6.01999999999996,-0.0001830044773321049
whisker_R1_joint,6.01999999999996,0.012362405755759198
whisker_L0_joint,6.039999999999959,-1.0867740991571395e-06
whisker_L1_joint,6.039999999999959,-3.31831638966662e-06
whisker_R0_joint,6.039999999999959,-2.2701143080894326e-06
whisker_R1_joint,6.039999999999959,-0.00014962318129452257
whisker_L0_joint,6.059999999999959,-5.676367354823242e-06
whisker_L1_joint,6.059999999999959,-2.6822572112727983e-05
whisker_R0_joint,6.059999999999959,-1.7194741035453376e-05
whisker_R1_joint,6.059999999999959,-1.8935334740177723e-06
whisker_L0_joint,6.079999999999958,0.009516648131155492
whisker_L1_joint,6.079999999999958,0.009580028723573442
whisker_R0_joint,6.079999999999958,0.009552062501366976
whisker_R1_joint,6.079999999999958,0.009506375174806792
whisker_L0_joint,6.099999999999958,0.08653948760593444
whisker_L1_joint,6.099999999999958,0.08668745263999345
whisker_R0_joint,6.099999999999958,0.08662039828378365
whisker_R1_joint,6.099999999999958,0.08651350639922306
whisker_L0_joint,6.1199999999999575,0.2645644009154724
whisker_L1_joint,6.1199999999999575,0.22550552441997418
whisker_R0_joint,6.1199999999999575,0.2646844808425639
whisker_R1_joint,6.1199999999999575,0.26451638536275013
whisker_L0_joint,6.139999999999957,0.4524132901352891
whisker_L1_joint,6.139999999999957,0.22307390710267327
whisker_R0_joint,6.139999999999957,0.5037248924713396
whisker_R1_joint,6.139999999999957,0.5034955943579922
whisker_L0_joint,6.159999999999957,0.43664620923227027
whisker_L1_joint,6.159999999999957,0.13599685510824067
whisker_R0_joint,6.159999999999957,0.7827302160584564
whisker_R1_joint,6.159999999999957,0.7824397161011714
whisker_L0_joint,6.179999999999956,0.3017539182381981
whisker_L1_joint,6.179999999999956,0.052415277764115586
whisker_R0_joint,6.179999999999956,0.9994999925296808
whisker_R1_joint,6.179999999999956,0.9994999924958607
whisker_L0_joint,6.199999999999956,0.11408742943706152
whisker_L1_joint,6.199999999999956,-0.0003855095631664085
whisker_R0_joint,6.199999999999956,0.9465908526710551
whisker_R1_joint,6.199999999999956,0.9479364540870145
whisker_L0_joint,6.219999999999955,0.0007389899177123738
whisker_L1_joint,6.219999999999955,-4.538298752798653e-06
whisker_R0_joint,6.219999999999955,0.8136455655757571
whisker_R1_joint,6.219999999999955,0.816336755948174
whisker_L0_joint,6.239999999999955,1.1515485747182197e-06
whisker_L1_joint,6.239999999999955,-3.3517352581391435e-05
whisker_R0_joint,6.239999999999955,0.6006700577786157
whisker_R1_joint,6.239999999999955,0.6047068142793313
whisker_L0_joint,6.2599999999999545,-2.968180710105628e-06
whisker_L1_joint,6.2599999999999545,-8.751926010575062e-07
whisker_R0_joint,6.2599999999999545,0.307685068676391
whisker_R1_joint,6.2599999999999545,0.3130673572475713
whisker_L0_joint,6.279999999999954,-2.6812841074530525e-05
whisker_L1_joint,6.279999999999954,-3.6567918630936447e-06
whisker_R0_joint,6.279999999999954,-0.002179823333952946
whisker_R1_joint,6.279999999999954,-0.010886137062898094
whisker_L0_joint,6.299999999999954,9.085201977399038e-07
whisker_L1_joint,6.299999999999954,-4.1901210525274735e-05
whisker_R0_joint,6.299999999999954,-2.5144147216771273e-05
whisker_R1_joint,6.299999999999954,0.014350891291509349
whisker_L0_joint,6.319999999999953,0.009107091727884153
whisker_L1_joint,6.319999999999953,0.00962178070970765
whisker_R0_joint,6.319999999999953,0.009579380801605808
whisker_R1_joint,6.319999999999953,0.007088432620517615
whisker_L0_joint,6.339999999999953,0.08589718639041166
whisker_L1_joint,6.339999999999953,0.08677862494359534
whisker_R0_joint,6.339999999999953,0.0866904077796935
whisker_R1_joint,6.339999999999953,0.067332562848617
whisker_L0_joint,6.359999999999952,0.282683565312551
whisker_L1_joint,6.359999999999952,0.24832167890108447
whisker_R0_joint,6.359999999999952,0.283801968575343
whisker_R1_joint,6.359999999999952,0.24757755329468978
whisker_L0_joint,6.379999999999952,0.505623808149382
whisker_L1_joint,6.379999999999952,0.27362446310178345
whisker_R0_joint,6.379999999999952,0.5818856471776463
whisker_R1_joint,6.379999999999952,0.5287951650189866
whisker_L0_joint,6.3999999999999515,0.46866859249783754
whisker_L1_joint,6.3999999999999515,0.1658400531273232
whisker_R0_joint,6.3999999999999515,0.9409227635927779
whisker_R1_joint,6.3999999999999515,0.8709666256602642
whisker_L0_joint,6.419999999999951,0.2886413063428632
whisker_L1_joint,6.419999999999951,0.04654909430681098
whisker_R0_joint,6.419999999999951,0.9573839710930585
whisker_R1_joint,6.419999999999951,0.975962030805082
whisker_L0_joint,6.439999999999951,0.05691332831146578
whisker_L1_joint,6.439999999999951,-0.00016865685246791884
whisker_R0_joint,6.439999999999951,0.8368112268061054
whisker_R1_joint,6.439999999999951,0.8667021601434435
whisker_L0_joint,6.45999999999995,0.006032104660361526
whisker_L1_joint,6.45999999999995,-2.006348799987734e-06
whisker_R0_joint,6.45999999999995,0.6361949350479357
whisker_R1_joint,6.45999999999995,0.6773985562210836
whisker_L0_joint,6.47999999999995,-1.356517955208858e-05
whisker_L1_joint,6.47999999999995,-3.3562023110000894e-05
whisker_R0_joint,6.47999999999995,0.3555692821739225
whisker_R1_joint,6.47999999999995,0.4080853411004899
whisker_L0_joint,6.499999999999949,-0.00012794565845286598
whisker_L1_joint,6.499999999999949,-1.091776659301047e-06
whisker_R0_joint,6.499999999999949,-0.005054936502437712
whisker_R1_joint,6.499999999999949,0.058773235353655195
whisker_L0_joint,6.519999999999949,-1.8897954863206223e-06
whisker_L1_joint,6.519999999999949,-3.7831548560518513e-06
whisker_R0_joint,6.519999999999949,-5.824820547584153e-05
whisker_R1_joint,6.519999999999949,-1.1584701121947205e-05
whisker_L0_joint,6.5399999999999485,-8.835276032570505e-06
whisker_L1_joint,6.5399999999999485,-2.1461683969548062e-05
whisker_R0_joint,6.5399999999999485,-1.2514386158457569e-06
whisker_R1_joint,6.5399999999999485,-6.54720173720591e-05
whisker_L0_joint,6.559999999999948,-8.190090666371219e-05
whisker_L1_joint,6.559999999999948,7.751258692678675e-07
whisker_R0_joint,6.559999999999948,-4.548154838523999e-06
whisker_R1_joint,6.559999999999948,-1.0163334236423793e-06
whisker_L0_joint,6.579999999999948,0.00973903620682215
whisker_L1_joint,6.579999999999948,0.009104694311803385
whisker_R0_joint,6.579999999999948,0.00952037996158861
whisker_R1_joint,6.579999999999948,0.009510082048304724
whisker_L0_joint,6.599999999999947,0.08704605426416379
whisker_L1_joint,6.599999999999947,0.08588534373726464
whisker_R0_joint,6.599999999999947,0.08655880633710566
whisker_R1_joint,6.599999999999947,0.08653438118603063
whisker_L0_joint,6.619999999999947,0.26534110685620416
whisker_L1_joint,6.619999999999947,0.24810916326985843
whisker_R0_joint,6.619999999999947,0.2646069769155952
whisker_R1_joint,6.619999999999947,0.26456842474860665
whisker_L0_joint,6.639999999999946,0.4781732149521236
whisker_L1_joint,6.639999999999946,0.2851434434152411
whisker_R0_joint,6.639999999999946,0.5036433333979584
whisker_R1_joint,6.639999999999946,0.5035906544342543
whisker_L0_joint,6.659999999999946,0.49960543592033346
whisker_L1_joint,6.659999999999946,0.19512395065927546
whisker_R0_joint,6.659999999999946,0.7826518236906574
whisker_R1_joint,6.659999999999946,0.7825850181112584
whisker_L0_joint,6.6799999999999455,0.36299198912484876
whisker_L1_joint,6.6799999999999455,0.09830210498537095
whisker_R0_joint,6.6799999999999455,0.9995002707754796
whisker_R1_joint,6.6799999999999455,0.9995002707588121
whisker_L0_joint,6.699999999999945,0.16729952191612618
whisker_L1_joint,6.699999999999945,-0.0010301158409493638
whisker_R0_joint,6.699999999999945,0.9468902464997537
whisker_R1_joint,6.699999999999945,0.9471998476741685
whisker_L0_joint,6.719999999999945,-0.0005853832195299447
whisker_L1_joint,6.719999999999945,-1.1890960232463499e-05
whisker_R0_joint,6.719999999999945,0.8142520990429585
whisker_R1_joint,6.719999999999945,0.8148712986471374
whisker_L0_joint,6.739999999999944,-6.801324260230501e-06
whisker_L1_joint,6.739999999999944,-0.0001022682879687764
whisker_R0_joint,6.739999999999944,0.6015840380095536
whisker_R1_joint,6.739999999999944,0.6025128306928789
whisker_L0_joint,6.759999999999944,-5.236356235549522e-05
whisker_L1_joint,6.759999999999944,-1.481286822979655e-06
whisker_R0_joint,6.759999999999944,0.30891646794868777
whisker_R1_joint,6.759999999999944,0.3101548458342762
whisker_L0_joint,6.779999999999943,-1.0804167667188835e-06
whisker_L1_joint,6.779999999999943,-8.828403704974619e-06
whisker_R0_joint,6.779999999999943,-0.001407688358566972
whisker_R1_joint,6.779999999999943,-0.0006389136704259002
whisker_L0_joint,6.799999999999943,-4.560257107044663e-06
whisker_L1_joint,6.799999999999943,-8.184929771903882e-05
whisker_R0_joint,6.799999999999943,-1.624669418731628e-05
whisker_R1_joint,6.799999999999943,-7.404197534199852e-06
whisker_L0_joint,6.8199999999999426,-2.0948947084598046e-05
whisker_L1_joint,6.8199999999999426,-1.182366336394125e-06
whisker_R0_joint,6.8199999999999426,-7.995703301411083e-05
whisker_R1_joint,6.8199999999999426,-4.078697440323964e-05
whisker_L0_joint,6.839999999999942,0.028555104531796438
whisker_L1_joint,6.839999999999942,0.028496128490306916
whisker_R0_joint,6.839999999999942,0.028747611533390227
whisker_R1_joint,6.839999999999942,0.028630105736503708
whisker_L0_joint,6.859999999999942,0.11711677965713463
whisker_L1_joint,6.859999999999942,0.1169787376981608
whisker_R0_joint,6.859999999999942,0.11758922585518139
whisker_R1_joint,6.859999999999942,0.11731504064569531
whisker_L0_joint,6.879999999999941,0.24666628179609784
whisker_L1_joint,6.879999999999941,0.2370192229692485
whisker_R0_joint,6.879999999999941,0.24744242814280426
whisker_R1_joint,6.879999999999941,0.2470115643664874
whisker_L0_joint,6.899999999999941,0.3772144830022288
whisker_L1_joint,6.899999999999941,0.24408106044797595
whisker_R0_joint,6.899999999999941,0.3782968657934642
whisker_R1_joint,6.899999999999941,0.37770932350213204
whisker_L0_joint,6.91999999999994,0.44538017168700605
whisker_L1_joint,6.91999999999994,0.15795229720994808
whisker_R0_joint,6.91999999999994,0.48915267682867114
whisker_R1_joint,6.91999999999994,0.4884084555683508
whisker_L0_joint,6.93999999999994,0.375887604180992
whisker_L1_joint,6.93999999999994,0.021220666206333227
whisker_R0_joint,6.93999999999994,0.5515121680946278
whisker_R1_joint,6.93999999999994,0.550611267055884
whisker_L0_joint,6.95999999999994,0.21723036354807412
whisker_L1_joint,6.95999999999994,-0.0001340314455617886
whisker_R0_joint,6.95999999999994,0.5338500831606963
whisker_R1_joint,6.95999999999994,0.5327925022289808
whisker_L0_joint,6.979999999999939,-0.006069338184937045
whisker_L1_joint,6.979999999999939,-1.6080802760498614e-06
whisker_R0_joint,6.979999999999939,0.4361801986021705
whisker_R1_joint,6.979999999999939,0.43496593875506484
whisker_L0_joint,6.999999999999939,-5.124556585656137e-05
whisker_L1_joint,6.999999999999939,-5.243327486326166e-05
whisker_R0_joint,6.999999999999939,0.25846069401103033
whisker_R1_joint,6.999999999999939,0.25708975711215487
whisker_L0_joint,7.019999999999938,-1.0107115002710998e-06
whisker_L1_joint,7.019999999999938,-1.021392889377637e-06
whisker_R0_joint,7.019999999999938,0.0007374462407385707
whisker_R1_joint,7.019999999999938,-0.0007913068915925692
whisker_L0_joint,7.039999999999938,-5.74306699174798e-06
whisker_L1_joint,7.039999999999938,-5.744390494832885e-06
whisker_R0_joint,7.039999999999938,0.005689427000391767
whisker_R1_joint,7.039999999999938,-9.167603413295922e-06
whisker_L0_joint,7.059999999999937,-3.3535035285581216e-05
whisker_L1_joint,7.059999999999937,-3.353406091211042e-05
whisker_R0_joint,7.059999999999937,-3.747372938267546e-05
whisker_R1_joint,7.059999999999937,-5.232228581952825e-05
whisker_L0_joint,7.079999999999937,0.009596053285092943
whisker_L1_joint,7.079999999999937,0.009596050572652892
whisker_R0_joint,7.079999999999937,0.009617006372550918
whisker_R1_joint,7.079999999999937,0.009661546210562477
whisker_L0_joint,7.099999999999937,0.0867166861478772
whisker_L1_joint,7.099999999999937,0.08671667953779671
whisker_R0_joint,7.099999999999937,0.08678009246089236
whisker_R1_joint,7.099999999999937,0.08688402610722346
whisker_L0_joint,7.119999999999936,0.28382460203272064
whisker_L1_joint,7.119999999999936,0.28382459152466843
whisker_R0_joint,7.119999999999936,0.2839525432888923
whisker_R1_joint,7.119999999999936,0.28411586950290335
whisker_L0_joint,7.139999999999936,0.5819178257165785
whisker_L1_joint,7.139999999999936,0.5819178113098538
whisker_R0_joint,7.139999999999936,0.5821317056074271
whisker_R1_joint,7.139999999999936,0.5823544225393675
whisker_L0_joint,7.159999999999935,0.9599967987307618
whisker_L1_joint,7.159999999999935,0.9599967804254605
whisker_R0_joint,7.159999999999935,0.9603138973503595
whisker_R1_joint,7.159999999999935,0.9605960030262732
whisker_L0_joint,7.179999999999935,1.0000179225385084
whisker_L1_joint,7.179999999999935,1.0000179237429245
whisker_R0_joint,7.179999999999935,1.0000296278208607
whisker_R1_joint,7.179999999999935,1.0000821537606175
whisker_L0_joint,7.1999999999999345,0.9809426078873864
whisker_L1_joint,7.1999999999999345,0.9809426042736069
whisker_R0_joint,7.1999999999999345,0.9809147506428291
whisker_R1_joint,7.1999999999999345,0.9807571730771851
whisker_L0_joint,7.219999999999934,0.9218604260301566
whisker_L1_joint,7.219999999999934,0.9218604175983485
whisker_R0_joint,7.219999999999934,0.9218068290671448
whisker_R1_joint,7.219999999999934,0.9214391484307001
whisker_L0_joint,7.239999999999934,0.8227703578923018
whisker_L1_joint,7.239999999999934,0.822770344642545
whisker_R0_joint,7.239999999999934,0.8227071211202075
whisker_R1_joint,7.239999999999934,0.822129338244963
whisker_L0_joint,7.259999999999933,0.6836738334080588
whisker_L1_joint,7.259999999999933,0.6836738153406783
whisker_R0_joint,7.259999999999933,0.683614597797976
whisker_R1_joint,7.259999999999933,0.6828267139393009
whisker_L0_joint,7.279999999999933,0.5045722457247566
whisker_L1_joint,7.279999999999933,0.5045722228404061
whisker_R0_joint,7.279999999999933,0.5045284323053307
whisker_R1_joint,7.279999999999933,0.5035304491429091
whisker_L0_joint,7.299999999999932,0.2854673574542401
whisker_L1_joint,7.299999999999932,0.28546732975360367
whisker_R0_joint,7.299999999999932,0.2854475797981104
whisker_R1_joint,7.299999999999932,0.2842394994298605
whisker_L0_joint,7.319999999999932,0.026359006742372237
whisker_L1_joint,7.319999999999932,0.026358974225948906
whisker_R0_joint,7.319999999999932,0.02637304562528353
whisker_R1_joint,7.319999999999932,0.024954870557829523
whisker_L0_joint,7.3399999999999315,0.026852571659673252
whisker_L1_joint,7.3399999999999315,0.026852657461731155
whisker_R0_joint,7.3399999999999315,0.026811183227255952
whisker_R1_joint,7.3399999999999315,0.03055305633483041
whisker_L0_joint,7.359999999999931,0.11535241566843002
whisker_L1_joint,7.359999999999931,0.11535263346977231
whisker_R0_joint,7.359999999999931,0.11525528254241912
whisker_R1_joint,7.359999999999931,0.12475386015915024
whisker_L0_joint,7.379999999999931,0.24484751153367323
whisker_L1_joint,7.379999999999931,0.24484786133386915
whisker_R0_joint,7.379999999999931,0.24470353949192258
whisker_R1_joint,7.379999999999931,0.2599587895508888
whisker_L0_joint,7.39999999999993,0.3753390885792731
whisker_L1_joint,7.39999999999993,0.37533957037858023
whisker_R0_joint,7.39999999999993,0.3751552836208498
whisker_R1_joint,7.39999999999993,0.39616720493781354
whisker_L0_joint,7.41999999999993,0.48582721606151935
whisker_L1_joint,7.41999999999993,0.48582782986051054
whisker_R0_joint,7.41999999999993,0.4856108459788073
whisker_R1_joint,7.41999999999993,0.5123794563864674
whisker_L0_joint,7.439999999999929,0.5478117149774349
whisker_L1_joint,7.439999999999929,0.547812460776834
whisker_R0_joint,7.439999999999929,0.5475704651199305
whisker_R1_joint,7.439999999999929,0.580095793976021
whisker_L0_joint,7.459999999999929,0.5297927409920895
whisker_L1_joint,7.459999999999929,0.529793618792409
whisker_R0_joint,7.459999999999929,0.5295337123345467
whisker_R1_joint,7.459999999999929,0.5678157738838712
whisker_L0_joint,7.4799999999999285,0.43177061421629936
whisker_L1_joint,7.4799999999999285,0.4317716240170135
whisker_R0_joint,7.4799999999999285,0.4315005607873603
whisker_R1_joint,7.4799999999999285,0.47553932316366865
whisker_L0_joint,7.499999999999928,0.2537464735799926
whisker_L1_joint,7.499999999999928,0.2537476153795861
whisker_R0_joint,7.499999999999928,0.2534714389174768
whisker_R1_joint,7.499999999999928,0.30326682433602503
whisker_L0_joint,7.519999999999928,-0.004277800780037921
whisker_L1_joint,7.519999999999928,-0.0042765269854818655
whisker_R0_joint,7.519999999999928,-0.00455269074556508
whisker_R1_joint,7.519999999999928,0.050999194090503686
whisker_L0_joint,7.539999999999927,-4.932742272778512e-05
whisker_L1_joint,7.539999999999927,-4.931281050790659e-05
whisker_R0_joint,7.539999999999927,-5.249645958294025e-05
whisker_R1_joint,7.539999999999927,-4.0556405354941205e-05
whisker_L0_joint,7.559999999999927,-1.086128542659992e-06
whisker_L1_joint,7.559999999999927,-1.090071116038871e-06
whisker_R0_joint,7.559999999999927,-1.1085174174141343e-06
whisker_R1_joint,7.559999999999927,-1.071345979930527e-06
whisker_L0_joint,7.579999999999926,0.00950207216913146
whisker_L1_joint,7.579999999999926,0.009502090966023502
whisker_R0_joint,7.579999999999926,0.009506123384557696
whisker_R1_joint,7.579999999999926,0.00950619891009552
whisker_L0_joint,7.599999999999926,0.08650208609932619
whisker_L1_joint,7.599999999999926,0.08650212066512264
whisker_R0_joint,7.599999999999926,0.08651458067806939
whisker_R1_joint,7.599999999999926,0.08651450751871703
whisker_L0_joint,7.6199999999999255,0.2834984550403945
whisker_L1_joint,7.6199999999999255,0.2834985053751202
whisker_R0_joint,7.6199999999999255,0.28352350356738754
whisker_R1_joint,7.6199999999999255,0.283523281726592
whisker_L0_joint,7.639999999999925,0.5814888526688451
whisker_L1_joint,7.639999999999925,0.581488918771889
whisker_R0_joint,7.639999999999925,0.5815306477480693
whisker_R1_joint,7.639999999999925,0.5815302772303772
whisker_L0_joint,7.659999999999925,0.9594714403316544
whisker_L1_joint,7.659999999999925,0.9594715222022323
whisker_R0_joint,7.659999999999925,0.9595340646450881
whisker_R1_joint,7.659999999999925,0.9595335454554732
whisker_L0_joint,7.679999999999924,1.00002654780958
whisker_L1_joint,7.679999999999924,1.0000265485435884
whisker_R0_joint,7.679999999999924,1.0000271372783036
whisker_R1_joint,7.679999999999924,1.0000271325806933
whisker_L0_joint,7.699999999999924,0.9809188722506041
whisker_L1_joint,7.699999999999924,0.980918870047998
whisker_R0_joint,7.699999999999924,0.9809200787644929
whisker_R1_joint,7.699999999999924,0.9809200928579083
whisker_L0_joint,7.719999999999923,0.9218097635649878
whisker_L1_joint,7.719999999999923,0.921809758425753
whisker_R0_joint,7.719999999999923,0.9218145440934702
whisker_R1_joint,7.719999999999923,0.9218145769779236
whisker_L0_joint,7.739999999999923,0.8226991276577644
whisker_L1_joint,7.739999999999923,0.8226991195818245
whisker_R0_joint,7.739999999999923,0.822710865796557
whisker_R1_joint,7.739999999999923,0.8227109174721265
whisker_L0_joint,7.7599999999999225,0.6835874063295018
whisker_L1_joint,7.7599999999999225,0.6835873953168123
whisker_R0_joint,7.7599999999999225,0.6836090004515736
whisker_R1_joint,7.7599999999999225,0.6836090709183091
whisker_L0_joint,7.779999999999922,0.5044747574773671
whisker_L1_joint,7.779999999999922,0.504474743528255
whisker_R0_joint,7.779999999999922,0.5045093401006806
whisker_R1_joint,7.779999999999922,0.5045094293583157
whisker_L0_joint,7.799999999999922,0.28536194574952045
whisker_L1_joint,7.799999999999922,0.2853619288642735
whisker_R0_joint,7.799999999999922,0.2854118448445959
whisker_R1_joint,7.799999999999922,0.28541195289293153
whisker_L0_joint,7.819999999999921,0.026249525167675536
whisker_L1_joint,7.819999999999921,0.026249505346616964
whisker_R0_joint,7.819999999999921,0.026316830870712238
whisker_R1_joint,7.819999999999921,0.026316957709789257
whisker_L0_joint,7.839999999999921,0.02713908877694049
whisker_L1_joint,7.839999999999921,0.027139141085693375
whisker_R0_joint,7.839999999999921,0.026961854755572112
whisker_R1_joint,7.839999999999921,0.026961520102886993
whisker_L0_joint,7.85999999999992,0.14458284689275214
whisker_L1_joint,7.85999999999992,0.14458297967116795
whisker_R0_joint,7.85999999999992,0.14413411145458
whisker_R1_joint,7.85999999999992,0.1441332619495279
whisker_L0_joint,7.87999999999992,0.3630238500590499
whisker_L1_joint,7.87999999999992,0.3630240633054749
whisker_R0_joint,7.87999999999992,0.3623054882413328
whisker_R1_joint,7.87999999999992,0.3623041238947087
whisker_L0_joint,7.8999999999999195,0.6424617096714158
whisker_L1_joint,7.8999999999999195,0.6424620033842094
whisker_R0_joint,7.8999999999999195,0.6414753570198508
whisker_R1_joint,7.8999999999999195,0.6414734778412194
whisker_L0_joint,7.919999999999919,0.9618963669076965
whisker_L1_joint,7.919999999999919,0.961896741085531
whisker_R0_joint,7.919999999999919,0.9606439324106875
whisker_R1_joint,7.919999999999919,0.9606415384075371
whisker_L0_joint,7.939999999999919,0.9624530757366481
whisker_L1_joint,7.939999999999919,0.9624521487460074
whisker_R0_joint,7.939999999999919,0.9655540741574482
whisker_R1_joint,7.939999999999919,0.9655600050844644
whisker_L0_joint,7.959999999999918,0.8562077089978173
whisker_L1_joint,7.959999999999918,0.8562052370294202
whisker_R0_joint,7.959999999999918,0.8644784519989512
whisker_R1_joint,7.959999999999918,0.8644942677635594
whisker_L0_joint,7.979999999999918,0.6699632033820704
whisker_L1_joint,7.979999999999918,0.6699591864588141
whisker_R0_joint,7.979999999999918,0.6834041408830762
whisker_R1_joint,7.979999999999918,0.6834298413457844
whisker_L0_joint,7.999999999999917,0.40372061759293754
whisker_L1_joint,7.999999999999917,0.40371505574986255
whisker_R0_joint,7.999999999999917,0.4223330295657677
whisker_R1_joint,7.999999999999917,0.4223686145080272
whisker_L0_joint,8.019999999999918,0.05748149015517878
whisker_L1_joint,8.019999999999918,0.05747438343966582
whisker_R0_joint,8.019999999999918,0.08126780313427684
whisker_R1_joint,8.019999999999918,0.08131327225856211
whisker_L0_joint,8.039999999999917,-3.0497149532848766e-05
whisker_L1_joint,8.039999999999917,-3.066244286831221e-05
whisker_R0_joint,8.039999999999917,0.012014654010402026
whisker_R1_joint,8.039999999999917,0.011918773941528293
whisker_L0_joint,8.059999999999917,-9.105915372842333e-07
whisker_L1_joint,8.059999999999917,-9.14862412493278e-07
whisker_R0_joint,8.059999999999917,-0.0005176890399658518
whisker_R1_joint,8.059999999999917,-0.0005780115517772799
whisker_L0_joint,8.079999999999917,0.00950258195244924
whisker_L1_joint,8.079999999999917,0.009502598548071894
whisker_R0_joint,8.079999999999917,0.011054121116332638
whisker_R1_joint,8.079999999999917,0.011235088548016137
whisker_L0_joint,8.099999999999916,0.08650432176350709
whisker_L1_joint,8.099999999999916,0.08650435544178858
whisker_R0_joint,8.099999999999916,0.09012646175142525
whisker_R1_joint,8.099999999999916,0.09054871810463805
whisker_L0_joint,8.119999999999916,0.2835019406924939
whisker_L1_joint,8.119999999999916,0.28350199145350796
whisker_R0_joint,8.119999999999916,0.2891997005928868
whisker_R1_joint,8.119999999999916,0.2627174950893849
whisker_L0_joint,8.139999999999915,0.5814662500452661
whisker_L1_joint,8.139999999999915,0.5814663178885517
whisker_R0_joint,8.139999999999915,0.5228638847048197
whisker_R1_joint,8.139999999999915,0.3023809346079247
whisker_L0_joint,8.159999999999915,0.9403725120963777
whisker_L1_joint,8.159999999999915,0.9403725970214358
whisker_R0_joint,8.159999999999915,0.5014679288273536
whisker_R1_joint,8.159999999999915,0.19392116169207796
whisker_L0_joint,8.179999999999914,0.9586931940489691
whisker_L1_joint,8.179999999999914,0.9586929996986289
whisker_R0_joint,8.179999999999914,0.32483236421698525
whisker_R1_joint,8.179999999999914,0.06966632477045209
whisker_L0_joint,8.199999999999914,0.8404946634183155
whisker_L1_joint,8.199999999999914,0.8404941157064023
whisker_R0_joint,8.199999999999914,0.09452748793068633
whisker_R1_joint,8.199999999999914,-0.000655434839393898
whisker_L0_joint,8.219999999999914,0.6422522989457917
whisker_L1_joint,8.219999999999914,0.6422513978782423
whisker_R0_joint,8.219999999999914,-0.00027349431306333827
whisker_R1_joint,8.219999999999914,-7.589908565641679e-06
whisker_L0_joint,8.239999999999913,0.36398860255420296
whisker_L1_joint,8.239999999999913,0.36398734813944245
whisker_R0_joint,8.239999999999913,-3.2408433758845945e-06
whisker_R1_joint,8.239999999999913,-8.175741773275291e-05
whisker_L0_joint,8.259999999999913,0.005721305079159578
whisker_L1_joint,8.259999999999913,0.005719697333647744
whisker_R0_joint,8.259999999999913,-2.6850501162023477e-05
whisker_R1_joint,8.259999999999913,-1.3359592969663936e-06
whisker_L0_joint,8.279999999999912,0.005811805225422795
whisker_L1_joint,8.279999999999912,0.005816356388847588
whisker_R0_joint,8.279999999999912,-0.00019953106159587009
whisker_R1_joint,8.279999999999912,-7.091310472162604e-06
whisker_L0_joint,8.299999999999912,-3.167168596274195e-05
whisker_L1_joint,8.299999999999912,-3.145450949837425e-05
whisker_R0_joint,8.299999999999912,-2.420445341044797e-06
whisker_R1_joint,8.299999999999912,-5.235663772840127e-05
whisker_L0_joint,8.319999999999911,-7.931781569325835e-07
whisker_L1_joint,8.319999999999911,-7.958023244825085e-07
whisker_R0_joint,8.319999999999911,-2.145723558655277e-05
whisker_R1_joint,8.319999999999911,-9.161788723233144e-07
whisker_L0_joint,8.339999999999911,0.009506279512457638
whisker_L1_joint,8.339999999999911,0.009506296348681609
whisker_R0_joint,8.339999999999911,0.009561144745249273
whisker_R1_joint,8.339999999999911,0.0094999643444309
whisker_L0_joint,8.35999999999991,0.08652110523787915
whisker_L1_joint,8.35999999999991,0.08652113256991623
whisker_R0_joint,8.35999999999991,0.08663501226733406
whisker_R1_joint,8.35999999999991,0.08649166799963215
whisker_L0_joint,8.37999999999991,0.2645426064554819
whisker_L1_joint,8.37999999999991,0.2645426442836598
whisker_R0_joint,8.37999999999991,0.2646999978865914
whisker_R1_joint,8.37999999999991,0.25749230496929876
whisker_L0_joint,8.39999999999991,0.503552299800063
whisker_L1_joint,8.39999999999991,0.5035523481237885
whisker_R0_joint,8.39999999999991,0.4884999412717139
whisker_R1_joint,8.39999999999991,0.32578066144067463
whisker_L0_joint,8.41999999999991,0.782527383671968
whisker_L1_joint,8.41999999999991,0.7825274424911939
whisker_R0_joint,8.41999999999991,0.5420110263395408
whisker_R1_joint,8.41999999999991,0.24196522660601438
whisker_L0_joint,8.439999999999909,0.9995007755142957
whisker_L1_joint,8.439999999999909,0.9995007755147007
whisker_R0_joint,8.439999999999909,0.409271747229754
whisker_R1_joint,8.439999999999909,0.13621473023231623
whisker_L0_joint,8.459999999999908,0.9475259211668412
whisker_L1_joint,8.459999999999908,0.947525654406137
whisker_R0_joint,8.459999999999908,0.20911964397579652
whisker_R1_joint,8.459999999999908,-0.006694428722640922
whisker_L0_joint,8.479999999999908,0.8155201680819921
whisker_L1_joint,8.479999999999908,0.8155196345625555
whisker_R0_joint,8.479999999999908,-0.002916622101742483
whisker_R1_joint,8.479999999999908,-3.1931520824812765e-05
whisker_L0_joint,8.499999999999908,0.6034745566947617
whisker_L1_joint,8.499999999999908,0.6034737564205468
whisker_R0_joint,8.499999999999908,-1.1760694149209883e-05
whisker_R1_joint,8.499999999999908,-8.51259735590304e-07
whisker_L0_joint,8.519999999999907,0.3114266174826028
whisker_L1_joint,8.519999999999907,0.3114255504591519
whisker_R0_joint,8.519999999999907,-8.174093092083723e-05
whisker_R1_joint,8.519999999999907,-4.627978825055834e-06
whisker_L0_joint,8.539999999999907,-0.012089928974937436
whisker_L1_joint,8.539999999999907,-0.012090713231950545
whisker_R0_joint,8.539999999999907,-1.4861014507872028e-06
whisker_R1_joint,8.539999999999907,-2.6832001247534265e-05
whisker_L0_joint,8.559999999999906,0.021167237301174424
whisker_L1_joint,8.559999999999906,0.0211716814011913
whisker_R0_joint,8.559999999999906,-5.655719059305397e-06
whisker_R1_joint,8.559999999999906,-0.00019972876025864394
whisker_L0_joint,8.579999999999906,0.021925151480946425
whisker_L1_joint,8.579999999999906,0.021934823944438797
whisker_R0_joint,8.579999999999906,0.009510959544016373
whisker_R1_joint,8.579999999999906,0.010093117125340001
whisker_L0_joint,8.599999999999905,0.09019509524891234
whisker_L1_joint,8.599999999999905,0.09020999605597968
whisker_R0_joint,8.599999999999905,0.08651514436874752
whisker_R1_joint,8.599999999999905,0.08787358975770143
whisker_L0_joint,8.619999999999905,0.2784724025699834
whisker_L1_joint,8.619999999999905,0.27849253161730125
whisker_R0_joint,8.619999999999905,0.2835086652850958
whisker_R1_joint,8.619999999999905,0.26866889828224405
whisker_L0_joint,8.639999999999905,0.5677308370291598
whisker_L1_joint,8.639999999999905,0.5677561941640441
whisker_R0_joint,8.639999999999905,0.5298186766788806
whisker_R1_joint,8.639999999999905,0.3323044049572559
whisker_L0_joint,8.659999999999904,0.9179409554724067
whisker_L1_joint,8.659999999999904,0.9179715405695701
whisker_R0_joint,8.659999999999904,0.529970904349585
whisker_R1_joint,8.659999999999904,0.221629075036466
whisker_L0_joint,8.679999999999904,0.9742764258803529
whisker_L1_joint,8.679999999999904,0.9742126418668171
whisker_R0_joint,8.679999999999904,0.3471198901650068
whisker_R1_joint,8.679999999999904,0.0808726678901408
whisker_L0_joint,8.699999999999903,0.8803265070178234
whisker_L1_joint,8.699999999999903,0.8801351554610921
whisker_R0_joint,8.699999999999903,0.10628503714392412
whisker_R1_joint,8.699999999999903,-0.00040288679128241967
whisker_L0_joint,8.719999999999903,0.7063374575849117
whisker_L1_joint,8.719999999999903,0.7060185401781158
whisker_R0_joint,8.719999999999903,0.004221248296725655
whisker_R1_joint,8.719999999999903,-4.733050070093725e-06
whisker_L0_joint,8.739999999999903,0.45233473907778077
whisker_L1_joint,8.739999999999903,0.4518882585530921
whisker_R0_joint,8.739999999999903,-4.6098288653873e-05
whisker_R1_joint,8.739999999999903,-3.3506910624758746e-05
whisker_L0_joint,8.759999999999902,0.11833679707627276
whisker_L1_joint,8.759999999999902,0.11776275719724616
whisker_R0_joint,8.759999999999902,-9.150048096984165e-07
whisker_R1_joint,8.759999999999902,-8.633289816373235e-07
whisker_L0_joint,8.779999999999902,0.01233591193605399
whisker_L1_joint,8.779999999999902,0.013325804621194592
whisker_R0_joint,8.779999999999902,-5.6640056431689345e-06
whisker_R1_joint,8.779999999999902,-3.667282208574818e-06
whisker_L0_joint,8.799999999999901,-0.0014161935676977322
whisker_L1_joint,8.799999999999901,-0.0012638634786279468
whisker_R0_joint,8.799999999999901,-5.234535954734554e-05
whisker_R1_joint,8.799999999999901,-3.351023976971845e-05
whisker_L0_joint,8.8199999999999,-1.635124683474487e-05
whisker_L1_joint,8.8199999999999,-1.4598089082440424e-05
whisker_R0_joint,8.8199999999999,-1.1118350036198876e-06
whisker_R1_joint,8.8199999999999,1.0719487990584753e-06
whisker_L0_joint,8.8399999999999,0.009555198183572422
whisker_L1_joint,8.8399999999999,0.009549943160188867
whisker_R0_joint,8.8399999999999,0.009498018072671144
whisker_R1_joint,8.8399999999999,0.009102174675898134
whisker_L0_joint,8.8599999999999,0.08664252732536326
whisker_L1_joint,8.8599999999999,0.0866302596835915
whisker_R0_joint,8.8599999999999,0.08648022498145913
whisker_R1_joint,8.8599999999999,0.085878099776175
whisker_L0_joint,8.8799999999999,0.2647440300769288
whisker_L1_joint,8.8799999999999,0.26472474992776185
whisker_R0_joint,8.8799999999999,0.2644460758858793
whisker_R1_joint,8.8799999999999,0.2552658435540325
whisker_L0_joint,8.899999999999899,0.5038412188556434
whisker_L1_joint,8.899999999999899,0.5038149263083946
whisker_R0_joint,8.899999999999899,0.4879238424496304
whisker_R1_joint,8.899999999999899,0.322366885657849
whisker_L0_joint,8.919999999999899,0.7829070483925902
whisker_L1_joint,8.919999999999899,0.7828737435382758
whisker_R0_joint,8.919999999999899,0.5426712525934914
whisker_R1_joint,8.919999999999899,0.23961588220573216
whisker_L0_joint,8.939999999999898,0.9995008930583245
whisker_L1_joint,8.939999999999898,0.999500893043642
whisker_R0_joint,8.939999999999898,0.41290868616296805
whisker_R1_joint,8.939999999999898,0.13400031192243933
whisker_L0_joint,8.959999999999898,0.9457286055257201
whisker_L1_joint,8.959999999999898,0.945882861170487
whisker_R0_joint,8.959999999999898,0.2152168829530563
whisker_R1_joint,8.959999999999898,-0.0006743851223642849
whisker_L0_joint,8.979999999999897,0.8119345306087942
whisker_L1_joint,8.979999999999897,0.8122430405225352
whisker_R0_joint,8.979999999999897,-0.00021467947073894322
whisker_R1_joint,8.979999999999897,-7.795971104229693e-06
whisker_L0_joint,8.999999999999897,0.5981041846305386
whisker_L1_joint,8.999999999999897,0.5985669463163905
whisker_R0_joint,8.999999999999897,-2.5790072148978993e-06
whisker_R1_joint,8.999999999999897,-8.179823862786151e-05
whisker_L0_joint,9.019999999999897,0.30427547285855017
whisker_L1_joint,9.019999999999897,0.30489248241615563
whisker_R0_joint,9.019999999999897,-2.145575712386716e-05
whisker_R1_joint,9.019999999999897,-1.3480658740405715e-06
whisker_L0_joint,9.039999999999896,-0.003950292515694009
whisker_L1_joint,9.039999999999896,-0.0036510457935126084
whisker_R0_joint,9.039999999999896,-0.00013244906145093438
whisker_R1_joint,9.039999999999896,-7.099801551113671e-06
whisker_L0_joint,9.059999999999896,-2.0254095915106518e-05
whisker_L1_joint,9.059999999999896,-3.236505518078303e-05
whisker_R0_joint,9.059999999999896,-1.7577017468184408e-06
whisker_R1_joint,9.059999999999896,-5.232827846324284e-05
whisker_L0_joint,9.079999999999895,0.009568038961235814
whisker_L1_joint,9.079999999999895,0.009604361960183994
whisker_R0_joint,9.079999999999895,0.009498371161218877
whisker_R1_joint,9.079999999999895,0.009649744419700568
whisker_L0_joint,9.099999999999895,0.08667150219136488
whisker_L1_joint,9.099999999999895,0.0867562688249901
whisker_R0_joint,9.099999999999895,0.0864826473020921
whisker_R1_joint,9.099999999999895,0.0868363019732099
whisker_L0_joint,9.119999999999894,0.2837875920833861
whisker_L1_joint,9.119999999999894,0.2839208013502521
whisker_R0_joint,9.119999999999894,0.28345109464071516
whisker_R1_joint,9.119999999999894,0.2840070265580783
whisker_L0_joint,9.139999999999894,0.5819136127991369
whisker_L1_joint,9.139999999999894,0.5820952632024881
whisker_R0_joint,9.139999999999894,0.5814018448913751
whisker_R1_joint,9.139999999999894,0.5821600478196984
whisker_L0_joint,9.159999999999894,0.9410495449609
whisker_L1_joint,9.159999999999894,0.9412796353011759
whisker_R0_joint,9.159999999999894,0.9403345991973362
whisker_R1_joint,9.159999999999894,0.9412950681347416
whisker_L0_joint,9.179999999999893,0.9570914873404224
whisker_L1_joint,9.179999999999893,0.9565639779180364
whisker_R0_joint,9.179999999999893,0.958754743498627
whisker_R1_joint,9.179999999999893,0.9565527265471276
whisker_L0_joint,9.199999999999893,0.8359943608811946
whisker_L1_joint,9.199999999999893,0.8345077476638592
whisker_R0_joint,9.199999999999893,0.8406637531213406
whisker_R1_joint,9.199999999999893,0.8344580866308986
whisker_L0_joint,9.219999999999892,0.6349094630702741
whisker_L1_joint,9.219999999999892,0.6324637615843498
whisker_R0_joint,9.219999999999892,0.642563205612424
whisker_R1_joint,9.219999999999892,0.6323539539274039
whisker_L0_joint,9.239999999999892,0.35383768703440843
whisker_L1_joint,9.239999999999892,0.3504329204491592
whisker_R0_joint,9.239999999999892,0.36445539716807573
whisker_R1_joint,9.239999999999892,0.35024265653687703
whisker_L0_joint,9.259999999999891,-0.007218685461452878
whisker_L1_joint,9.259999999999891,-0.011582485965965894
whisker_R0_joint,9.259999999999891,0.006342502199712996
whisker_R1_joint,9.259999999999891,-0.011873601000874423
whisker_L0_joint,9.279999999999891,-6.928749274237589e-05
whisker_L1_joint,9.279999999999891,-0.00034925039493050036
whisker_R0_joint,9.279999999999891,0.004059154478851745
whisker_R1_joint,9.279999999999891,-0.0007127849471535441
whisker_L0_joint,9.29999999999989,-1.1251124245603705e-06
whisker_L1_joint,9.29999999999989,-4.101396615219244e-06
whisker_R0_joint,9.29999999999989,-3.9736350425201294e-05
whisker_R1_joint,9.29999999999989,-8.255463349371439e-06
whisker_L0_joint,9.31999999999989,-7.070581087731398e-06
whisker_L1_joint,9.31999999999989,-3.3543349369224984e-05
whisker_R0_joint,9.31999999999989,-9.497221284959778e-07
whisker_R1_joint,9.31999999999989,-8.175816916189405e-05
whisker_L0_joint,9.33999999999989,0.009523989640716657
whisker_L1_joint,9.33999999999989,0.009603360273625405
whisker_R0_joint,9.33999999999989,0.009500894890858369
whisker_R1_joint,9.33999999999989,0.00974256151672126
whisker_L0_joint,9.35999999999989,0.08656217386748999
whisker_L1_joint,9.35999999999989,0.08674743509498217
whisker_R0_joint,9.35999999999989,0.08649448138554128
whisker_R1_joint,9.35999999999989,0.08705938034507099
whisker_L0_joint,9.379999999999889,0.264606579145112
whisker_L1_joint,9.379999999999889,0.2648977293033594
whisker_R0_joint,9.379999999999889,0.26447967489234525
whisker_R1_joint,9.379999999999889,0.26536780111079405
whisker_L0_joint,9.399999999999888,0.5036564659382394
whisker_L1_joint,9.399999999999888,0.5040535033679943
whisker_R0_joint,9.399999999999888,0.5034561186977129
whisker_R1_joint,9.399999999999888,0.5046674671127782
whisker_L0_joint,9.419999999999888,0.7827109373772414
whisker_L1_joint,9.419999999999888,0.783213860702122
whisker_R0_joint,9.419999999999888,0.7824245877163243
whisker_R1_joint,9.419999999999888,0.7839591541297244
whisker_L0_joint,9.439999999999888,0.9995003353641918
whisker_L1_joint,9.439999999999888,0.9995003354339058
whisker_R0_joint,9.439999999999888,0.9994996669040228
whisker_R1_joint,9.439999999999888,0.9994996671524383
whisker_L0_joint,9.459999999999887,0.9464849409271148
whisker_L1_joint,9.459999999999887,0.9441555966621991
whisker_R0_joint,9.459999999999887,0.9479084582811383
whisker_R1_joint,9.459999999999887,0.9408005597016516
whisker_L0_joint,9.479999999999887,0.8134752753637047
whisker_L1_joint,9.479999999999887,0.8088166086914992
whisker_R0_joint,9.479999999999887,0.8163124815960101
whisker_R1_joint,9.479999999999887,0.8020967518553324
whisker_L0_joint,9.499999999999886,0.6004720185519572
whisker_L1_joint,9.499999999999886,0.5934840700591728
whisker_R0_joint,9.499999999999886,0.6047131758165891
whisker_R1_joint,9.499999999999886,0.5833897395198324
whisker_L0_joint,9.519999999999886,0.30747674798893865
whisker_L1_joint,9.519999999999886,0.2981595769157135
whisker_R0_joint,9.519999999999886,0.31311236751153526
whisker_R1_joint,9.519999999999886,0.2846814061834362
whisker_L0_joint,9.539999999999885,-0.0022859849710723523
whisker_L1_joint,9.539999999999885,-0.006912542289620127
whisker_R0_joint,9.539999999999885,-0.010836570268620171
whisker_R1_joint,9.539999999999885,-0.003591109732284714
whisker_L0_joint,9.559999999999885,-2.6369945549831186e-05
whisker_L1_joint,9.559999999999885,0.006062219062036078
whisker_R0_joint,9.559999999999885,0.014069078585135841
whisker_R1_joint,9.559999999999885,-0.00032519114658757786
whisker_L0_joint,9.579999999999885,-9.975034666176441e-05
whisker_L1_joint,9.579999999999885,-9.678874662633064e-06
whisker_R0_joint,9.579999999999885,-0.0001123553709865277
whisker_R1_joint,9.579999999999885,-3.858508153875562e-06
whisker_L0_joint,9.599999999999884,0.028800095455204122
whisker_L1_joint,9.599999999999884,0.0285299373800445
whisker_R0_joint,9.599999999999884,0.028836211953287005
whisker_R1_joint,9.599999999999884,0.02851087766379301
whisker_L0_joint,9.619999999999884,0.11770364524428523
whisker_L1_joint,9.619999999999884,0.11707320312165859
whisker_R0_joint,9.619999999999884,0.11778075770437191
whisker_R1_joint,9.619999999999884,0.11702143821650157
whisker_L0_joint,9.639999999999883,0.24761005780782863
whisker_L1_joint,9.639999999999883,0.24661933360079136
whisker_R0_joint,9.639999999999883,0.24772184399537878
whisker_R1_joint,9.639999999999883,0.24652854167289462
whisker_L0_joint,9.659999999999883,0.37851949636292925
whisker_L1_joint,9.659999999999883,0.3771684901457997
whisker_R0_joint,9.659999999999883,0.3786598716554259
whisker_R1_joint,9.659999999999883,0.37703258658719996
whisker_L0_joint,9.679999999999882,0.4894320285967222
whisker_L1_joint,9.679999999999882,0.4877207393011389
whisker_R0_joint,9.679999999999882,0.4895951623177712
whisker_R1_joint,9.679999999999882,0.48753389321644836
whisker_L0_joint,9.699999999999882,0.5518477840752114
whisker_L1_joint,9.699999999999882,0.5497762099467405
whisker_R0_joint,9.699999999999882,0.5520276574957537
whisker_R1_joint,9.699999999999882,0.5495324022485919
whisker_L0_joint,9.719999999999882,0.5342660431685671
whisker_L1_joint,9.719999999999882,0.5318341834199973
whisker_R0_joint,9.719999999999882,0.5344578261771229
whisker_R1_joint,9.719999999999882,0.5315285838360939
whisker_L0_joint,9.739999999999881,0.4366871793267366
whisker_L1_joint,9.739999999999881,0.43389503600720936
whisker_R0_joint,9.739999999999881,0.4368855655291952
whisker_R1_joint,9.739999999999881,0.43352233856274225
whisker_L0_joint,9.75999999999988,0.25911141554388184
whisker_L1_joint,9.75999999999988,0.2559589935942874
whisker_R0_joint,9.75999999999988,0.2593121980065938
whisker_R1_joint,9.75999999999988,0.25551499236721575
whisker_L0_joint,9.77999999999988,0.0015403499118411546
whisker_L1_joint,9.77999999999988,-0.001972344553747618
whisker_R0_joint,9.77999999999988,0.0017389795216544712
whisker_R1_joint,9.77999999999988,-0.0024921968690243546
whisker_L0_joint,9.79999999999988,0.0034282656459785343
whisker_L1_joint,9.79999999999988,-2.275716933652916e-05
whisker_R0_joint,9.79999999999988,0.002869256699225886
whisker_R1_joint,9.79999999999988,-2.8747332796896785e-05
whisker_L0_joint,9.81999999999988,-1.1484187114163547e-05
whisker_L1_joint,9.81999999999988,-0.0001597581849077656
whisker_R0_joint,9.81999999999988,-2.6755231290920278e-05
whisker_R1_joint,9.81999999999988,-0.00019966129953896683
whisker_L0_joint,9.839999999999879,0.009534694293766854
whisker_L1_joint,9.839999999999879,0.00997946647807968
whisker_R0_joint,9.839999999999879,0.009580100226362909
whisker_R1_joint,9.839999999999879,0.010098798135986797
whisker_L0_joint,9.859999999999879,0.08658244874427368
whisker_L1_joint,9.859999999999879,0.08762031424371752
whisker_R0_joint,9.859999999999879,0.08668499575940025
whisker_R1_joint,9.859999999999879,0.08789531481870849
whisker_L0_joint,9.879999999999878,0.2836299174081365
whisker_L1_joint,9.879999999999878,0.2852608639877925
whisker_R0_joint,9.879999999999878,0.28378698932516055
whisker_R1_joint,9.879999999999878,0.2856889152522921
whisker_L0_joint,9.899999999999878,0.5816748144923443
whisker_L1_joint,9.899999999999878,0.58389882383028
whisker_R0_joint,9.899999999999878,0.5818837893107798
whisker_R1_joint,9.899999999999878,0.5844773007277162
whisker_L0_joint,9.919999999999877,0.9597154923140572
whisker_L1_joint,9.919999999999877,0.9625325443409798
whisker_R0_joint,9.919999999999877,0.9599732607343121
whisker_R1_joint,9.919999999999877,0.9632583342277918
whisker_L0_joint,9.939999999999877,1.0000272030281945
whisker_L1_joint,9.939999999999877,0.9955704386393496
whisker_R0_joint,9.939999999999877,1.000019478297375
whisker_R1_joint,9.939999999999877,0.9936475822594346
whisker_L0_joint,9.959999999999877,0.980917846446367
whisker_L1_joint,9.959999999999877,0.9759875051060618
whisker_R0_joint,9.959999999999877,0.9809421171067321
whisker_R1_joint,9.959999999999877,0.9711044018758912
whisker_L0_joint,9.979999999999876,0.9218094968866772
whisker_L1_joint,9.979999999999876,0.9164055729405867
whisker_R0_joint,9.979999999999876,0.9218638455985158
whisker_R1_joint,9.979999999999876,0.9085603249265333
whisker_L0_joint,9.999999999999876,0.8227025108296662
whisker_L1_joint,9.999999999999876,0.8168250061532056
whisker_R0_joint,9.999999999999876,0.8227845413239496
whisker_R1_joint,9.999999999999876,0.806015229186622
whisker_L0_joint,10.019999999999875,0.6835973267358977
whisker_L1_joint,10.019999999999875,0.6772462441522471
whisker_R0_joint,10.019999999999875,0.6837041607165641
whisker_R1_joint,10.019999999999875,0.6634690780217536
whisker_L0_joint,10.039999999999875,0.504493560611035
whisker_L1_joint,10.039999999999875,0.4976689038988127
whisker_R0_joint,10.039999999999875,0.5046236485264597
whisker_R1_joint,10.039999999999875,0.48092282317493584
whisker_L0_joint,10.059999999999874,0.3527831657475584
whisker_L1_joint,10.059999999999874,0.2780877450502999
whisker_R0_joint,10.059999999999874,0.2855489630580017
whisker_R1_joint,10.059999999999874,0.2583824298772299
whisker_L0_joint,10.079999999999874,0.3833268163952823
whisker_L1_joint,10.079999999999874,0.12118617224049721
whisker_R0_joint,10.079999999999874,0.02650162546299306
whisker_R1_joint,10.079999999999874,-0.00413060466878612
whisker_L0_joint,10.099999999999874,0.5139615681872476
whisker_L1_joint,10.099999999999874,0.21380609463622324
whisker_R0_joint,10.099999999999874,0.026453603865855158
whisker_R1_joint,10.099999999999874,0.04093901802778799
whisker_L0_joint,10.119999999999873,0.7057731175820088
whisker_L1_joint,10.119999999999873,0.41523597627745445
whisker_R0_joint,10.119999999999873,0.1143365813956807
whisker_R1_joint,10.119999999999873,0.14600787415965755
whisker_L0_joint,10.139999999999873,0.9385909107355008
whisker_L1_joint,10.139999999999873,0.6576719753755578
whisker_R0_joint,10.139999999999873,0.24321112541291345
whisker_R1_joint,10.139999999999873,0.29206816022897897
whisker_L0_joint,10.159999999999872,0.975944418562638
whisker_L1_joint,10.159999999999872,0.901083759367963
whisker_R0_joint,10.159999999999872,0.37311033868480603
whisker_R1_joint,10.159999999999872,0.43915313750859575
whisker_L0_joint,10.179999999999872,0.9090856357940558
whisker_L1_joint,10.179999999999872,0.992342258211182
whisker_R0_joint,10.179999999999872,0.48303389481405823
whisker_R1_joint,10.179999999999872,0.5662625266498544
whisker_L0_joint,10.199999999999871,0.793723201488949
whisker_L1_joint,10.199999999999871,0.9269904758333167
whisker_R0_joint,10.199999999999871,0.5444616392186967
whisker_R1_joint,10.199999999999871,0.6448761834512426
whisker_L0_joint,10.219999999999871,0.5983743956558785
whisker_L1_joint,10.219999999999871,0.7816517137160508
whisker_R0_joint,10.219999999999871,0.5258770932422312
whisker_R1_joint,10.219999999999871,0.6434776154768889
whisker_L0_joint,10.23999999999987,0.34156459233223924
whisker_L1_joint,10.23999999999987,0.5563227278475926
whisker_R0_joint,10.23999999999987,0.42728485213781653
whisker_R1_joint,10.23999999999987,0.5620712646580843
whisker_L0_joint,10.25999999999987,0.2659274390264077
whisker_L1_joint,10.25999999999987,0.2509857147601986
whisker_R0_joint,10.25999999999987,0.2487056751558292
whisker_R1_joint,10.25999999999987,0.4006777383809341
whisker_L0_joint,10.27999999999987,0.3896977174440277
whisker_L1_joint,10.27999999999987,-0.0013778862876785425
whisker_R0_joint,10.27999999999987,-0.009848253336963708
whisker_R1_joint,10.27999999999987,0.15930911985011864
whisker_L0_joint,10.29999999999987,0.48551760563250745
whisker_L1_joint,10.29999999999987,-1.590901769432662e-05
whisker_R0_joint,10.29999999999987,-0.00012337952351693104
whisker_R1_joint,10.29999999999987,-0.0007623579148452464
whisker_L0_joint,10.319999999999869,0.5013187863741209
whisker_L1_joint,10.319999999999869,4.92398731566368e-07
whisker_R0_joint,10.319999999999869,-1.483658616407979e-06
whisker_R1_joint,10.319999999999869,-8.799438140805194e-06
whisker_L0_joint,10.339999999999868,0.48463013027637025
whisker_L1_joint,10.339999999999868,0.00911712827928124
whisker_R0_joint,10.339999999999868,0.009497458758503718
whisker_R1_joint,10.339999999999868,0.009519335017515118
whisker_L0_joint,10.359999999999868,0.5354562350081844
whisker_L1_joint,10.359999999999868,0.08593879576968622
whisker_R0_joint,10.359999999999868,0.0864812077458943
whisker_R1_joint,10.359999999999868,0.08653234679194366
whisker_L0_joint,10.379999999999868,0.7062990199995793
whisker_L1_joint,10.379999999999868,0.225657327257764
whisker_R0_joint,10.379999999999868,0.28344549355615456
whisker_R1_joint,10.379999999999868,0.2835258947965995
whisker_L0_joint,10.399999999999867,0.9781747812329185
whisker_L1_joint,10.399999999999867,0.22378391351041493
whisker_R0_joint,10.399999999999867,0.5813698640898366
whisker_R1_joint,10.399999999999867,0.5814795266372945
whisker_L0_joint,10.419999999999867,1.0002582042999775
whisker_L1_joint,10.419999999999867,0.13459480144830316
whisker_R0_joint,10.419999999999867,0.9593119112544128
whisker_R1_joint,10.419999999999867,0.9594508340841301
whisker_L0_joint,10.439999999999866,1.00000297695441
whisker_L1_joint,10.439999999999866,0.07619466445710898
whisker_R0_joint,10.439999999999866,1.0000243028202114
whisker_R1_joint,10.439999999999866,1.0000263537879146
whisker_L0_joint,10.459999999999866,0.9809914513042246
whisker_L1_joint,10.459999999999866,0.009313888542543225
whisker_R0_joint,10.459999999999866,0.9809267383113749
whisker_R1_joint,10.459999999999866,0.9809205854194936
whisker_L0_joint,10.479999999999865,0.9219979702261787
whisker_L1_joint,10.479999999999865,-4.014495744897317e-05
whisker_R0_joint,10.479999999999865,0.9218112861601231
whisker_R1_joint,10.479999999999865,0.9217969294296786
whisker_L0_joint,10.499999999999865,0.8230161353772543
whisker_L1_joint,10.499999999999865,-9.977657742421542e-05
whisker_R0_joint,10.499999999999865,0.8226844372423887
whisker_R1_joint,10.499999999999865,0.8226618766984721
whisker_L0_joint,10.519999999999865,0.6840461231005017
whisker_L1_joint,10.519999999999865,-1.4260493017559384e-06
whisker_R0_joint,10.519999999999865,0.683546659793425
whisker_R1_joint,10.519999999999865,0.6835158954889167
whisker_L0_joint,10.539999999999864,0.5050882164623678
whisker_L1_joint,10.539999999999864,-4.432996274061907e-06
whisker_R0_joint,10.539999999999864,0.5043980049167711
whisker_R1_joint,10.539999999999864,0.504359036914007
whisker_L0_joint,10.559999999999864,0.33615568764727133
whisker_L1_joint,10.559999999999864,-6.407623102067106e-05
whisker_R0_joint,10.559999999999864,0.2852468230383405
whisker_R1_joint,10.559999999999864,0.28519965141857817
whisker_L0_joint,10.579999999999863,0.3588814436590049
whisker_L1_joint,10.579999999999863,-1.148768977721204e-06
whisker_R0_joint,10.579999999999863,0.02611051323735225
whisker_R1_joint,10.579999999999863,0.026055138152074164
whisker_L0_joint,10.599999999999863,0.5051371172911532
whisker_L1_joint,10.599999999999863,0.028420304740261138
whisker_R0_joint,10.599999999999863,0.02750582127640655
whisker_R1_joint,10.599999999999863,0.0276518998193076
whisker_L0_joint,10.619999999999862,0.7427423275449048
whisker_L1_joint,10.619999999999862,0.14272498985589355
whisker_R0_joint,10.619999999999862,0.145505649957558
whisker_R1_joint,10.619999999999862,0.14587647513828728
whisker_L0_joint,10.639999999999862,1.0026477506142868
whisker_L1_joint,10.639999999999862,0.22786400382337035
whisker_R0_joint,10.639999999999862,0.36449649460501554
whisker_R1_joint,10.639999999999862,0.36509206123671767
whisker_L0_joint,10.659999999999862,1.0000118289906847
whisker_L1_joint,10.659999999999862,0.16253483324071638
whisker_R0_joint,10.659999999999862,0.6445103570365545
whisker_R1_joint,10.659999999999862,0.6453306615985746
whisker_L0_joint,10.679999999999861,1.0000001363897866
whisker_L1_joint,10.679999999999861,0.07887244737546872
whisker_R0_joint,10.679999999999861,0.9645143612901279
whisker_R1_joint,10.679999999999861,0.9655594004372476
whisker_L0_joint,10.69999999999986,0.9906129454492856
whisker_L1_joint,10.69999999999986,0.006588018004256568
whisker_R0_joint,10.69999999999986,0.955965520326199
whisker_R1_joint,10.69999999999986,0.9533765385636777
whisker_L0_joint,10.71999999999986,0.9327645411421948
whisker_L1_joint,10.71999999999986,-3.403852069538971e-05
whisker_R0_joint,10.71999999999986,0.8388896473810359
whisker_R1_joint,10.71999999999986,0.8319857103820993
whisker_L0_joint,10.73999999999986,0.7949322664787495
whisker_L1_joint,10.73999999999986,9.954806197143284e-07
whisker_R0_joint,10.73999999999986,0.6417997215143565
whisker_R1_joint,10.73999999999986,0.6305809010160583
whisker_L0_joint,10.75999999999986,0.5771148860835833
whisker_L1_joint,10.75999999999986,-2.9262152496656313e-06
whisker_R0_joint,10.75999999999986,0.3646993732605992
whisker_R1_joint,10.75999999999986,0.34916577125873616
whisker_L0_joint,10.779999999999859,0.3170067359794473
whisker_L1_joint,10.779999999999859,-4.194458562878367e-05
whisker_R0_joint,10.779999999999859,0.007597288242411793
whisker_R1_joint,10.779999999999859,-0.012251020507804355
whisker_L0_joint,10.799999999999859,0.291005316667138
whisker_L1_joint,10.799999999999859,-8.573396073074946e-07
whisker_R0_joint,10.799999999999859,0.0003947526088436959
whisker_R1_joint,10.799999999999859,-0.0011694775225574716
whisker_L0_joint,10.819999999999858,0.43926381424390115
whisker_L1_joint,10.819999999999858,-5.754447340855506e-06
whisker_R0_joint,10.819999999999858,-1.3512491391587389e-05
whisker_R1_joint,10.819999999999858,-1.3538213874397798e-05
whisker_L0_joint,10.839999999999858,0.5829607573894657
whisker_L1_joint,10.839999999999858,0.009520006799805358
whisker_R0_joint,10.839999999999858,0.009538024975402237
whisker_R1_joint,10.839999999999858,0.009538102692304484
whisker_L0_joint,10.859999999999857,0.7941656545719136
whisker_L1_joint,10.859999999999857,0.08655522158186546
whisker_R0_joint,10.859999999999857,0.08657924149540452
whisker_R1_joint,10.859999999999857,0.08657942213484837
whisker_L0_joint,10.879999999999857,1.0018188966126607
whisker_L1_joint,10.879999999999857,0.2301060746972059
whisker_R0_joint,10.879999999999857,0.2836267693754131
whisker_R1_joint,10.879999999999857,0.28362705293477664
whisker_L0_joint,10.899999999999856,1.000025143455292
whisker_L1_joint,10.899999999999856,0.23289616492784138
whisker_R0_joint,10.899999999999856,0.5816925232154659
whisker_R1_joint,10.899999999999856,0.5816929096908527
whisker_L0_joint,10.919999999999856,1.0000002897608598
whisker_L1_joint,10.919999999999856,0.12957415518730375
whisker_R0_joint,10.919999999999856,0.9407400835933197
whisker_R1_joint,10.919999999999856,0.9407405729825964
whisker_L0_joint,10.939999999999856,0.9906175253958578
whisker_L1_joint,10.939999999999856,0.022509528533798395
whisker_R0_joint,10.939999999999856,0.9578141173055252
whisker_R1_joint,10.939999999999856,0.9578129953738079
whisker_L0_joint,10.959999999999855,0.9327875610512448
whisker_L1_joint,10.959999999999855,-6.185494082622256e-05
whisker_R0_joint,10.959999999999855,0.8379983853263253
whisker_R1_joint,10.959999999999855,0.8379952235258914
whisker_L0_joint,10.979999999999855,0.7949743363552093
whisker_L1_joint,10.979999999999855,-9.795740325557745e-07
whisker_R0_joint,10.979999999999855,0.6381677953085303
whisker_R1_joint,10.979999999999855,0.638162593671729
whisker_L0_joint,10.999999999999854,0.5771728026338634
whisker_L1_joint,10.999999999999854,-8.812162086258013e-06
whisker_R0_joint,10.999999999999854,0.358330064400163
whisker_R1_joint,10.999999999999854,0.3583228229758193
whisker_L0_joint,11.019999999999854,0.3142607841208145
whisker_L1_joint,11.019999999999854,-8.192748392765736e-05
whisker_R0_joint,11.019999999999854,-0.0015073753640981735
whisker_R1_joint,11.019999999999854,-0.0015166563239352726
whisker_L0_joint,11.039999999999853,0.07706341938661776
whisker_L1_joint,11.039999999999853,-1.3463702277505263e-06
whisker_R0_joint,11.039999999999853,-1.7402634295393682e-05
whisker_R1_joint,11.039999999999853,-1.750972030745146e-05
whisker_L0_joint,11.059999999999853,-7.059347305116148e-05
whisker_L1_joint,11.059999999999853,-7.080011956261956e-06
whisker_R0_joint,11.059999999999853,-0.00012776638317557598
whisker_R1_joint,11.059999999999853,-0.0001277663293706155
whisker_L0_joint,11.079999999999853,-1.1596691100734802e-06
whisker_L1_joint,11.079999999999853,-5.2407041103208485e-05
whisker_R0_joint,11.079999999999853,-1.6864760565837855e-06
whisker_R1_joint,11.079999999999853,-1.6883220892438544e-06
whisker_L0_joint,11.099999999999852,0.009504203937839684
whisker_L1_joint,11.099999999999852,0.009657440108123971
whisker_R0_joint,11.099999999999852,0.009505157124245933
whisker_R1_joint,11.099999999999852,0.009505165389395387
whisker_L0_joint,11.119999999999852,0.08651078397215972
whisker_L1_joint,11.119999999999852,0.08686900870907088
whisker_R0_joint,11.119999999999852,0.08650965381093378
whisker_R1_joint,11.119999999999852,0.08650966945988525
whisker_L0_joint,11.139999999999851,0.2645175298017737
whisker_L1_joint,11.139999999999851,0.2650807398885542
whisker_R0_joint,11.139999999999851,0.26451181928881695
whisker_R1_joint,11.139999999999851,0.2645118423214905
whisker_L0_joint,11.159999999999851,0.5035243106747638
whisker_L1_joint,11.159999999999851,0.5042925029004692
whisker_R0_joint,11.159999999999851,0.5035106850010251
whisker_R1_joint,11.159999999999851,0.5035107154171277
whisker_L0_joint,11.17999999999985,0.7825307368770149
whisker_L1_joint,11.17999999999985,0.7835039085727544
whisker_R0_joint,11.17999999999985,0.7825065023936615
whisker_R1_joint,11.17999999999985,0.7825065401932427
whisker_L0_joint,11.19999999999985,0.9995002081289472
whisker_L1_joint,11.19999999999985,0.9995002083104163
whisker_R0_joint,11.19999999999985,0.999499800192786
whisker_R1_joint,11.19999999999985,0.999499800192579
whisker_L0_joint,11.21999999999985,0.9473582967883383
whisker_L1_joint,11.21999999999985,0.9428506849581497
whisker_R0_joint,11.21999999999985,0.9474905385641401
whisker_R1_joint,11.21999999999985,0.9474903652145574
whisker_L0_joint,11.23999999999985,0.8152184237430573
whisker_L1_joint,11.23999999999985,0.8062032423273431
whisker_R0_joint,11.23999999999985,0.8154801977189896
whisker_R1_joint,11.23999999999985,0.8154798510217223
whisker_L0_joint,11.259999999999849,0.6030815452489309
whisker_L1_joint,11.259999999999849,0.589558873059663
whisker_R0_joint,11.259999999999849,0.6034699470655331
whisker_R1_joint,11.259999999999849,0.6034694270235423
whisker_L0_joint,11.279999999999848,0.31094924821360426
whisker_L1_joint,11.279999999999848,0.292919199848769
whisker_R0_joint,11.279999999999848,0.31146157050142786
whisker_R1_joint,11.279999999999848,0.3114608771190177
whisker_L0_joint,11.299999999999848,-0.00013069050789127346
whisker_L1_joint,11.299999999999848,-0.0008144321462566495
whisker_R0_joint,11.299999999999848,-0.012051015711961988
whisker_R1_joint,11.299999999999848,-0.012051525343747649
whisker_L0_joint,11.319999999999848,-1.788212054876226e-06
whisker_L1_joint,11.319999999999848,-9.438353133717214e-06
whisker_R0_joint,11.319999999999848,0.020941029228271013
whisker_R1_joint,11.319999999999848,0.020943917130317402
whisker_L0_joint,11.339999999999847,0.00950549836654524
whisker_L1_joint,11.339999999999847,0.009528098230836335
whisker_R0_joint,11.339999999999847,0.021417729840695898
whisker_R1_joint,11.339999999999847,0.021424015278432407
whisker_L0_joint,11.359999999999847,0.08651332511635434
whisker_L1_joint,11.359999999999847,0.08656652540235399
whisker_R0_joint,11.359999999999847,0.089393203601972
whisker_R1_joint,11.359999999999847,0.08940288656261863
whisker_L0_joint,11.379999999999846,0.2835205542140091
whisker_L1_joint,11.379999999999846,0.28360435429456743
whisker_R0_joint,11.379999999999846,0.277366280320007
whisker_R1_joint,11.379999999999846,0.2773793607384434
whisker_L0_joint,11.399999999999846,0.5815239926349385
whisker_L1_joint,11.399999999999846,0.5816383915665693
whisker_R0_joint,11.399999999999846,0.5663356735753293
whisker_R1_joint,11.399999999999846,0.5663521513505563
whisker_L0_joint,11.419999999999845,0.940523640479447
whisker_L1_joint,11.419999999999845,0.9406686375025579
whisker_R0_joint,11.419999999999845,0.9163009453448216
whisker_R1_joint,11.419999999999845,0.9163208203944402
whisker_L0_joint,11.439999999999845,0.9584089654997472
whisker_L1_joint,11.439999999999845,0.9580765106282074
whisker_R0_joint,11.439999999999845,0.9776507098611811
whisker_R1_joint,11.439999999999845,0.9776092612087952
whisker_L0_joint,11.459999999999845,0.8396512155945084
whisker_L1_joint,11.459999999999845,0.8387142999451624
whisker_R0_joint,11.459999999999845,0.8904514786588082
whisker_R1_joint,11.459999999999845,0.8903271329857345
whisker_L0_joint,11.479999999999844,0.6408958006340209
whisker_L1_joint,11.479999999999844,0.639354433830829
whisker_R0_joint,11.479999999999844,0.7232520944425511
whisker_R1_joint,11.479999999999844,0.723044852804624
whisker_L0_joint,11.499999999999844,0.3936194806799298
whisker_L1_joint,11.499999999999844,0.39153412006064325
whisker_R0_joint,11.499999999999844,0.5043733533427863
whisker_R1_joint,11.499999999999844,0.504091506786911
whisker_L0_joint,11.519999999999843,0.0033993418977873446
whisker_L1_joint,11.519999999999843,0.0006491252589304608
whisker_R0_joint,11.519999999999843,0.1488584876181358
whisker_R1_joint,11.519999999999843,0.14848545986866757
whisker_L0_joint,11.539999999999843,0.012297905243412899
whisker_L1_joint,11.539999999999843,0.02008312854693539
whisker_R0_joint,11.539999999999843,-0.0003073979627385981
whisker_R1_joint,11.539999999999843,-0.0003353106256884786
whisker_L0_joint,11.559999999999842,-0.00016165128324807654
whisker_L1_joint,11.559999999999842,-0.001107886773260347
whisker_R0_joint,11.559999999999842,-3.6398379803515013e-06
whisker_R1_joint,11.559999999999842,-3.954630580338403e-06
whisker_L0_joint,11.579999999999842,-2.0260192279408784e-06
whisker_L1_joint,11.579999999999842,-1.2797758712324026e-05
whisker_R0_joint,11.579999999999842,-3.3497165790485894e-05
whisker_R1_joint,11.579999999999842,-3.3506923895032514e-05
whisker_L0_joint,11.599999999999842,0.009505545805232885
whisker_L1_joint,11.599999999999842,0.009537664483759478
whisker_R0_joint,11.599999999999842,0.009601267876683472
whisker_R1_joint,11.599999999999842,0.009601297272912035
whisker_L0_joint,11.619999999999841,0.08651325220507022
whisker_L1_joint,11.619999999999841,0.08658845764860423
whisker_R0_joint,11.619999999999841,0.08673534704625929
whisker_R1_joint,11.619999999999841,0.0867354154747213
whisker_L0_joint,11.63999999999984,0.26452034044690453
whisker_L1_joint,11.63999999999984,0.26463863197973847
whisker_R0_joint,11.63999999999984,0.2648678764026471
whisker_R1_joint,11.63999999999984,0.26486798386290733
whisker_L0_joint,11.65999999999984,0.5035261384764267
whisker_L1_joint,11.65999999999984,0.5036875154207632
whisker_R0_joint,11.65999999999984,0.5039983944960884
whisker_R1_joint,11.65999999999984,0.5039985409874959
whisker_L0_joint,11.67999999999984,0.7825299279994491
whisker_L1_joint,11.67999999999984,0.7827343897945136
whisker_R0_joint,11.67999999999984,0.7831275181384809
whisker_R1_joint,11.67999999999984,0.7831277036609858
whisker_L0_joint,11.69999999999984,0.9995001884419681
whisker_L1_joint,11.69999999999984,0.9995001884655155
whisker_R0_joint,11.69999999999984,0.9994998147555707
whisker_R1_joint,11.69999999999984,0.9994998147553797
whisker_L0_joint,11.719999999999839,0.9473705219051061
whisker_L1_joint,11.719999999999839,0.9464234228003656
whisker_R0_joint,11.719999999999839,0.9446052078817369
whisker_R1_joint,11.719999999999839,0.9446043486992579
whisker_L0_joint,11.739999999999839,0.8152417650985742
whisker_L1_joint,11.739999999999839,0.8133475756420028
whisker_R0_joint,11.739999999999839,0.8097106751728811
whisker_R1_joint,11.739999999999839,0.8097089568162055
whisker_L0_joint,11.759999999999838,0.603114380510946
whisker_L1_joint,11.759999999999838,0.6002731170715885
whisker_R0_joint,11.759999999999838,0.594817895009137
whisker_R1_joint,11.759999999999838,0.5948153174932624
whisker_L0_joint,11.779999999999838,0.3109905920681788
whisker_L1_joint,11.779999999999838,0.307202278614251
whisker_R0_joint,11.779999999999838,0.29992807760096607
whisker_R1_joint,11.779999999999838,0.29992464094777915
whisker_L0_joint,11.799999999999837,-0.00010764849404854004
whisker_L1_joint,11.799999999999837,-0.0024593985051915013
whisker_R0_joint,11.799999999999837,-0.006049833386419401
whisker_R1_joint,11.799999999999837,-0.006051500150309863
whisker_L0_joint,11.819999999999837,-1.5183058694745455e-06
whisker_L1_joint,11.819999999999837,-2.8368181683724458e-05
whisker_R0_joint,11.819999999999837,-0.00156859630523698
whisker_R1_joint,11.819999999999837,-0.0015535954919005945
whisker_L0_joint,11.839999999999836,-4.478680352804076e-06
whisker_L1_joint,11.839999999999836,-9.98641336433792e-05
whisker_R0_joint,11.839999999999836,-1.8106259343397824e-05
whisker_R1_joint,11.839999999999836,-1.7933716629947583e-05
whisker_L0_joint,11.859999999999836,0.028512664720974357
whisker_L1_joint,11.859999999999836,0.028798700975229963
whisker_R0_joint,11.859999999999836,0.028555226186423255
whisker_R1_joint,11.859999999999836,0.028554709147282864
whisker_L0_joint,11.879999999999836,0.11702939982829097
whisker_L1_joint,11.879999999999836,0.11769697594293049
whisker_R0_joint,11.879999999999836,0.11712850659747875
whisker_R1_joint,11.879999999999836,0.11712729939173094
whisker_L0_joint,11.899999999999835,0.24654596849502042
whisker_L1_joint,11.899999999999835,0.2475950823941071
whisker_R0_joint,11.899999999999835,0.24670136149414112
whisker_R1_joint,11.899999999999835,0.2466994641256992
whisker_L0_joint,11.919999999999835,0.37706242001223433
whisker_L1_joint,11.919999999999835,0.378493071631091
whisker_R0_joint,11.919999999999835,0.37727431045540616
whisker_R1_joint,11.919999999999835,0.37727172292426836
whisker_L0_joint,11.939999999999834,0.487579389021942
whisker_L1_joint,11.939999999999834,0.4893915794911603
whisker_R0_joint,11.939999999999834,0.48784709485088484
whisker_R1_joint,11.939999999999834,0.4878438171547792
whisker_L0_joint,11.959999999999834,0.5495963869484459
whisker_L1_joint,11.959999999999834,0.5517901181295652
whisker_R0_joint,11.959999999999834,0.5499202732754576
whisker_R1_joint,11.959999999999834,0.5499163054105871
whisker_L0_joint,11.979999999999833,0.5316136465009862
whisker_L1_joint,11.979999999999833,0.5341889192497087
whisker_R0_joint,11.979999999999833,0.5319933574087736
whisker_R1_joint,11.979999999999833,0.5319886993730218
whisker_L0_joint,11.999999999999833,0.43363122765479467
whisker_L1_joint,11.999999999999833,0.43658803977739513
whisker_R0_joint,11.999999999999833,0.43406656709968505
whisker_R1_joint,11.999999999999833,0.4340612188967157
whisker_L0_joint,12.019999999999833,0.2556498715726754
whisker_L1_joint,12.019999999999833,0.2589882178104501
whisker_R0_joint,12.019999999999833,0.2561407261084794
whisker_R1_joint,12.019999999999833,0.25613468774761117
whisker_L0_joint,12.039999999999832,-0.0023276569684202997
whisker_L1_joint,12.039999999999832,0.0013922156663204177
whisker_R0_joint,12.039999999999832,-0.0017840835931695054
whisker_R1_joint,12.039999999999832,-0.0019852980934480513
whisker_L0_joint,12.059999999999832,-2.685034042482215e-05
whisker_L1_joint,12.059999999999832,0.00384771045882637
whisker_R0_joint,12.059999999999832,-2.058818150718622e-05
whisker_R1_joint,12.059999999999832,-2.290626029388676e-05
whisker_L0_joint,12.079999999999831,-0.00019985927592536257
whisker_L1_joint,12.079999999999831,-4.737202900439996e-05
whisker_R0_joint,12.079999999999831,-0.00015989112509551262
whisker_R1_joint,12.079999999999831,-0.00015995930218348775
whisker_L0_joint,12.099999999999831,0.010098553905957708
whisker_L1_joint,12.099999999999831,0.0096411023949603
whisker_R0_joint,12.099999999999831,0.009980703496425214
whisker_R1_joint,12.099999999999831,0.009980908063468519
whisker_L0_joint,12.11999999999983,0.08789656490594133
whisker_L1_joint,12.11999999999983,0.08682916716565625
whisker_R0_joint,12.11999999999983,0.08762138146037124
whisker_R1_joint,12.11999999999983,0.08762185873493777
whisker_L0_joint,12.13999999999983,0.28569221340823336
whisker_L1_joint,12.13999999999983,0.28401488202202785
whisker_R0_joint,12.13999999999983,0.28526121505840063
whisker_R1_joint,12.13999999999983,0.2741295991362609
whisker_L0_joint,12.15999999999983,0.5844591629974447
whisker_L1_joint,12.15999999999983,0.5821719168599744
whisker_R0_joint,12.15999999999983,0.5380808343641732
whisker_R1_joint,12.15999999999983,0.3508565570270461
whisker_L0_joint,12.17999999999983,0.9631601733087427
whisker_L1_joint,12.17999999999983,0.9602630331657878
whisker_R0_joint,12.17999999999983,0.5625835730963384
whisker_R1_joint,12.17999999999983,0.254997455884733
whisker_L0_joint,12.199999999999829,0.9939272618196382
whisker_L1_joint,12.199999999999829,1.000013479363318
whisker_R0_joint,12.199999999999829,0.40686085999914035
whisker_R1_joint,12.199999999999829,0.15169885147048578
whisker_L0_joint,12.219999999999828,0.9718280782774373
whisker_L1_joint,12.219999999999828,0.9809663473018322
whisker_R0_joint,12.219999999999828,0.22172203999928541
whisker_R1_joint,12.219999999999828,0.03979986226269805
whisker_L0_joint,12.239999999999828,0.9097263614315372
whisker_L1_joint,12.239999999999828,0.921916682632105
whisker_R0_joint,12.239999999999828,-0.0034130383052666247
whisker_R1_joint,12.239999999999828,-6.917281400831143e-05
whisker_L0_joint,12.259999999999827,0.8075835197040524
whisker_L1_joint,12.259999999999827,0.8228258829721149
whisker_R0_joint,12.259999999999827,-3.519254507811098e-05
whisker_R1_joint,12.259999999999827,-1.0391367899487136e-06
whisker_L0_joint,12.279999999999827,0.6654447498370599
whisker_L1_joint,12.279999999999827,0.6837391366471497
whisker_R0_joint,12.279999999999827,-1.042748342783284e-06
whisker_R1_joint,12.279999999999827,-4.473752852618418e-06
whisker_L0_joint,12.299999999999827,0.48330991187378114
whisker_L1_joint,12.299999999999827,0.5046562976940461
whisker_R0_joint,12.299999999999827,-2.066783940435357e-06
whisker_R1_joint,12.299999999999827,-1.6724896687136948e-05
whisker_L0_joint,12.319999999999826,0.2611797946714072
whisker_L1_joint,12.319999999999826,0.28557814952459637
whisker_R0_joint,12.319999999999826,-5.5726085284035776e-06
whisker_R1_joint,12.319999999999826,-5.1156732307156005e-05
whisker_L0_joint,12.339999999999826,-0.0009446458699402527
whisker_L1_joint,12.339999999999826,0.026505645572026282
whisker_R0_joint,12.339999999999826,-2.0947832447326675e-05
whisker_R1_joint,12.339999999999826,-9.777013030287662e-07
whisker_L0_joint,12.359999999999825,0.03138011135279051
whisker_L1_joint,12.359999999999825,0.026453865454945102
whisker_R0_joint,12.359999999999825,0.02851666955286536
whisker_R1_joint,12.359999999999825,0.028457392914813973
whisker_L0_joint,12.379999999999825,0.12371909870075548
whisker_L1_joint,12.379999999999825,0.11435219178436551
whisker_R0_joint,12.379999999999825,0.11703969722838448
whisker_R1_joint,12.379999999999825,0.11690054047964171
whisker_L0_joint,12.399999999999824,0.25706634717591736
whisker_L1_joint,12.399999999999824,0.24325880356651375
whisker_R0_joint,12.399999999999824,0.24655385457316648
whisker_R1_joint,12.399999999999824,0.2440391804293176
whisker_L0_joint,12.419999999999824,0.3914132860207351
whisker_L1_joint,12.419999999999824,0.3731651070261215
whisker_R0_joint,12.419999999999824,0.3770682640541603
whisker_R1_joint,12.419999999999824,0.28237047375006874
whisker_L0_joint,12.439999999999824,0.5057591657626679
whisker_L1_joint,12.439999999999824,0.48307033821756384
whisker_R0_joint,12.439999999999824,0.4686154594034324
whisker_R1_joint,12.439999999999824,0.20889471326739084
whisker_L0_joint,12.459999999999823,0.5716075824937343
whisker_L1_joint,12.459999999999823,0.5444780849275279
whisker_R0_joint,12.459999999999823,0.4252155616218998
whisker_R1_joint,12.459999999999823,0.08043484075524532
whisker_L0_joint,12.479999999999823,0.5574421820133688
whisker_L1_joint,12.479999999999823,0.5258720077085766
whisker_R0_joint,12.479999999999823,0.28465301955580546
whisker_R1_joint,12.479999999999823,-0.00029837966970802654
whisker_L0_joint,12.499999999999822,0.4632620135792367
whisker_L1_joint,12.499999999999822,0.4272511841743256
whisker_R0_joint,12.499999999999822,0.06410712022522613
whisker_R1_joint,12.499999999999822,-3.4760432745528647e-06
whisker_L0_joint,12.519999999999822,0.28904165098388557
whisker_L1_joint,12.519999999999822,0.24859022575058987
whisker_R0_joint,12.519999999999822,-0.00012415720411418363
whisker_R1_joint,12.519999999999822,-4.194574732530043e-05
whisker_L0_joint,12.539999999999822,0.034800217824696666
whisker_L1_joint,12.539999999999822,-0.0100917260425053
whisker_R0_joint,12.539999999999822,-1.7674505921050354e-06
whisker_R1_joint,12.539999999999822,-1.2293084061809623e-06
whisker_L0_joint,12.559999999999821,-0.00035004034959573715
whisker_L1_joint,12.559999999999821,-2.218971374645662e-06
whisker_R0_joint,12.559999999999821,-8.843393455748583e-06
whisker_R1_joint,12.559999999999821,-3.7564063353201504e-06
whisker_L0_joint,12.57999999999982,-4.119161414628536e-06
whisker_L1_joint,12.57999999999982,-1.1006729448759245e-05
whisker_R0_joint,12.57999999999982,-5.236260307306395e-05
whisker_R1_joint,12.57999999999982,-2.1449339793200295e-05
whisker_L0_joint,12.59999999999982,0.009516034305723231
whisker_L1_joint,12.59999999999982,0.009536618573529942
whisker_R0_joint,12.59999999999982,0.009653544752043608
whisker_R1_joint,12.59999999999982,0.009560819440031842
whisker_L0_joint,12.61999999999982,0.08654402156865704
whisker_L1_joint,12.61999999999982,0.08659215598099035
whisker_R0_joint,12.61999999999982,0.08685116738290866
whisker_R1_joint,12.61999999999982,0.08663478957923942
whisker_L0_joint,12.63999999999982,0.2835760115246968
whisker_L1_joint,12.63999999999982,0.28365169550906355
whisker_R0_joint,12.63999999999982,0.28404152550160866
whisker_R1_joint,12.63999999999982,0.27425228844296523
whisker_L0_joint,12.659999999999819,0.5815885041679101
whisker_L1_joint,12.659999999999819,0.5816917368708836
whisker_R0_joint,12.659999999999819,0.5463144219084066
whisker_R1_joint,12.659999999999819,0.3672351752055656
whisker_L0_joint,12.679999999999819,0.9595431552612972
whisker_L1_joint,12.679999999999819,0.9596739357573085
whisker_R0_joint,12.679999999999819,0.5931351318087188
whisker_R1_joint,12.679999999999819,0.2866304850615924
whisker_L0_joint,12.699999999999818,1.000027135544327
whisker_L1_joint,12.699999999999818,1.0000274724057254
whisker_R0_joint,12.699999999999818,0.4408247268558263
whisker_R1_joint,12.699999999999818,0.1856373056794025
whisker_L0_joint,12.719999999999818,0.9809269182178344
whisker_L1_joint,12.719999999999818,0.9809259076341599
whisker_R0_joint,12.719999999999818,0.25173043787313354
whisker_R1_joint,12.719999999999818,0.0756849954735701
whisker_L0_joint,12.739999999999817,0.9218351935024227
whisker_L1_joint,12.739999999999817,0.9218328354791412
whisker_R0_joint,12.739999999999817,0.02262908866530111
whisker_R1_joint,12.739999999999817,-0.00024795332296445594
whisker_L0_joint,12.759999999999817,0.8227046964385138
whisker_L1_joint,12.759999999999817,0.8227009909808798
whisker_R0_joint,12.759999999999817,-4.468361091447548e-05
whisker_R1_joint,12.759999999999817,-2.9224904123381634e-06
whisker_L0_joint,12.779999999999816,0.6835798161184368
whisker_L1_joint,12.779999999999816,0.6835747632339801
whisker_R0_joint,12.779999999999816,-9.978393311627087e-07
whisker_R1_joint,12.779999999999816,-1.6742471939501513e-05
whisker_L0_joint,12.799999999999816,0.5044636195077068
whisker_L1_joint,12.799999999999816,0.5044572192073575
whisker_R0_joint,12.799999999999816,-2.4933938664872812e-06
whisker_R1_joint,12.799999999999816,-5.118399931625106e-05
whisker_L0_joint,12.819999999999816,0.28535660451796474
whisker_L1_joint,12.819999999999816,0.2853488568145144
whisker_R0_joint,12.819999999999816,-6.920233890816974e-06
whisker_R1_joint,12.819999999999816,-1.3141061732113712e-06
whisker_L0_joint,12.839999999999815,0.02626013977792141
whisker_L1_joint,12.839999999999815,0.02625104468950301
whisker_R0_joint,12.839999999999815,-2.097533892797543e-05
whisker_R1_joint,12.839999999999815,-1.9889760869418183e-06
whisker_L0_joint,12.859999999999815,0.027112248286427665
whisker_L1_joint,12.859999999999815,0.027136245113823954
whisker_R0_joint,12.859999999999815,0.028471878825119035
whisker_R1_joint,12.859999999999815,0.02841519403275594
whisker_L0_joint,12.879999999999814,0.14452542651776756
whisker_L1_joint,12.879999999999814,0.14458634152603267
whisker_R0_joint,12.879999999999814,0.14544176941936993
whisker_R1_joint,12.879999999999814,0.14530913988519512
whisker_L0_joint,12.899999999999814,0.36294687425545913
whisker_L1_joint,12.899999999999814,0.3630447066667468
whisker_R0_joint,12.899999999999814,0.3633996370701915
whisker_R1_joint,12.899999999999814,0.3359439461998148
whisker_L0_joint,12.919999999999813,0.642348961421404
whisker_L1_joint,12.919999999999813,0.6424837105429475
whisker_R0_joint,12.919999999999813,0.5784870347559687
whisker_R1_joint,12.919999999999813,0.3616991444145121
whisker_L0_joint,12.939999999999813,0.9617118196648482
whisker_L1_joint,12.939999999999813,0.9618834849554894
whisker_R0_joint,12.939999999999813,0.554096477190984
whisker_R1_joint,12.939999999999813,0.24785938851731437
whisker_L0_joint,12.959999999999813,0.9629312334180877
whisker_L1_joint,12.959999999999813,0.962505948387153
whisker_R0_joint,12.959999999999813,0.39361924783108737
whisker_R1_joint,12.959999999999813,0.1279435763851957
whisker_L0_joint,12.979999999999812,0.8574943263255843
whisker_L1_joint,12.979999999999812,0.8563602363867995
whisker_R0_joint,12.979999999999812,0.17990635458658755
whisker_R1_joint,12.979999999999812,-0.00015934038748710577
whisker_L0_joint,12.999999999999812,0.6720293598353138
whisker_L1_joint,12.999999999999812,0.6701864754133764
whisker_R0_joint,12.999999999999812,-0.0003978628905301207
whisker_R1_joint,12.999999999999812,-1.9394725567778437e-06
whisker_L0_joint,13.019999999999811,0.4065365078957832
whisker_L1_joint,13.019999999999811,0.40398484435198245
whisker_R0_joint,13.019999999999811,-4.629977216730197e-06
whisker_R1_joint,13.019999999999811,-2.1456465469249508e-05
whisker_L0_joint,13.03999999999981,0.061048484808136294
whisker_L1_joint,13.03999999999981,0.05778806422906779
whisker_R0_joint,13.03999999999981,-4.194857458728052e-05
whisker_R1_joint,13.03999999999981,-0.00015998773942182964
whisker_L0_joint,13.05999999999981,0.014819025446677792
whisker_L1_joint,13.05999999999981,-2.344307750945518e-05
whisker_R0_joint,13.05999999999981,1.2842034688986814e-06
whisker_R1_joint,13.05999999999981,-2.138521831618334e-06
whisker_L0_joint,13.07999999999981,-0.0004072644529884428
whisker_L1_joint,13.07999999999981,-0.0001596893075461736
whisker_R0_joint,13.07999999999981,-3.02472381630281e-06
whisker_R1_joint,13.07999999999981,-1.1027907589777897e-05
whisker_L0_joint,13.09999999999981,0.01072948862580958
whisker_L1_joint,13.09999999999981,0.00998676808433796
whisker_R0_joint,13.09999999999981,0.009501589330561444
whisker_R1_joint,13.09999999999981,0.009525438709523826
whisker_L0_joint,13.11999999999981,0.08938243080474884
whisker_L1_joint,13.11999999999981,0.08764941709943042
whisker_R0_joint,13.11999999999981,0.08648948168188486
whisker_R1_joint,13.11999999999981,0.08654534368051348
whisker_L0_joint,13.139999999999809,0.2880479490727179
whisker_L1_joint,13.139999999999809,0.28532466285056834
whisker_R0_joint,13.139999999999809,0.2834615160845688
whisker_R1_joint,13.139999999999809,0.2835493900436674
whisker_L0_joint,13.159999999999808,0.5877229574048766
whisker_L1_joint,13.159999999999808,0.5840094295077609
whisker_R0_joint,13.159999999999808,0.5814161580731021
whisker_R1_joint,13.159999999999808,0.5815360430019476
whisker_L0_joint,13.179999999999808,0.948407612757606
whisker_L1_joint,13.179999999999808,0.9437038675601421
whisker_R0_joint,13.179999999999808,0.940353150228062
whisker_R1_joint,13.179999999999808,0.9405050453417712
whisker_L0_joint,13.199999999999807,0.9800956979917874
whisker_L1_joint,13.199999999999807,0.9917411555949833
whisker_R0_joint,13.199999999999807,0.9586978737465532
whisker_R1_joint,13.199999999999807,0.9583496218268248
whisker_L0_joint,13.219999999999807,0.9032151650273086
whisker_L1_joint,13.219999999999807,0.9342696661302927
whisker_R0_joint,13.219999999999807,0.8405031758183146
whisker_R1_joint,13.219999999999807,0.8395217413287916
whisker_L0_joint,13.239999999999807,0.7463459077575099
whisker_L1_joint,13.239999999999807,0.796809244199185
whisker_R0_joint,13.239999999999807,0.6422992556956721
whisker_R1_joint,13.239999999999807,0.6406846486916269
whisker_L0_joint,13.259999999999806,0.5094876295571265
whisker_L1_joint,13.259999999999806,0.5793594371885913
whisker_R0_joint,13.259999999999806,0.3640892684985353
whisker_R1_joint,13.259999999999806,0.36184150412432636
whisker_L0_joint,13.279999999999806,0.19264223414718096
whisker_L1_joint,13.279999999999806,0.2819219955211256
whisker_R0_joint,13.279999999999806,0.005875385619724227
whisker_R1_joint,13.279999999999806,0.0029944853262371396
whisker_L0_joint,13.299999999999805,0.00545115721739986
whisker_L1_joint,13.299999999999805,-0.003942508674329659
whisker_R0_joint,13.299999999999805,0.005321074536793091
whisker_R1_joint,13.299999999999805,0.013476227891536574
whisker_L0_joint,13.319999999999805,-0.00040165982343864925
whisker_L1_joint,13.319999999999805,-0.0009944777301038599
whisker_R0_joint,13.319999999999805,-5.5807595497725515e-05
whisker_R1_joint,13.319999999999805,-0.000256323066189168
whisker_L0_joint,13.339999999999804,-4.694647244285477e-06
whisker_L1_joint,13.339999999999804,-1.1491679744679573e-05
whisker_R0_joint,13.339999999999804,-1.0267087180437784e-06
whisker_R1_joint,13.339999999999804,-3.0572111731075324e-06
whisker_L0_joint,13.359999999999804,0.009516899864304484
whisker_L1_joint,13.359999999999804,0.009537238724512953
whisker_R0_joint,13.359999999999804,0.00950091345820514
whisker_R1_joint,13.359999999999804,0.009506584933069107
whisker_L0_joint,13.379999999999804,0.08654608889115512
whisker_L1_joint,13.379999999999804,0.08659361575929747
whisker_R0_joint,13.379999999999804,0.08649430151332727
whisker_R1_joint,13.379999999999804,0.08650809496277656
whisker_L0_joint,13.399999999999803,0.2645813250351603
whisker_L1_joint,13.399999999999803,0.26465603948438776
whisker_R0_joint,13.399999999999803,0.2644794713480012
whisker_R1_joint,13.399999999999803,0.2645013866446888
whisker_L0_joint,13.419999999999803,0.5036214007044606
whisker_L1_joint,13.419999999999803,0.5037233023093899
whisker_R0_joint,13.419999999999803,0.5034565452267241
whisker_R1_joint,13.419999999999803,0.5034865822438004
whisker_L0_joint,13.439999999999802,0.7826664310822435
whisker_L1_joint,13.439999999999802,0.7827955194899925
whisker_R0_joint,13.439999999999802,0.7824252820177557
whisker_R1_joint,13.439999999999802,0.782463440649531
whisker_L0_joint,13.459999999999802,0.9995003571963004
whisker_L1_joint,13.459999999999802,0.9995003572133179
whisker_R0_joint,13.459999999999802,0.9994996457149572
whisker_R1_joint,13.459999999999802,0.9994996457189362
whisker_L0_joint,13.479999999999801,0.9466900521857866
whisker_L1_joint,13.479999999999801,0.9460921398498527
whisker_R0_joint,13.479999999999801,0.9479061400574711
whisker_R1_joint,13.479999999999801,0.9477291411755289
whisker_L0_joint,13.499999999999801,0.8138852764322682
whisker_L1_joint,13.499999999999801,0.8126894573218806
whisker_R0_joint,13.499999999999801,0.8163080736345645
whisker_R1_joint,13.499999999999801,0.8159540774931724
whisker_L0_joint,13.5199999999998,0.6010869594953725
whisker_L1_joint,13.5199999999998,0.5992932439368985
whisker_R0_joint,13.5199999999998,0.6047066134394488
whisker_R1_joint,13.5199999999998,0.6041756230705513
whisker_L0_joint,13.5399999999998,0.30829656115293425
whisker_L1_joint,13.5399999999998,0.3059049642807494
whisker_R0_joint,13.5399999999998,0.313103705129965
whisker_R1_joint,13.5399999999998,0.3123957249890239
whisker_L0_joint,13.5599999999998,-0.0017752179541616897
whisker_L1_joint,13.5599999999998,-0.003162617390910505
whisker_R0_joint,13.5599999999998,-0.010847130472214417
whisker_R1_joint,13.5599999999998,-0.011367491129086638
whisker_L0_joint,13.5799999999998,-2.0485976682138585e-05
whisker_L1_joint,13.5799999999998,-3.5996878903432616e-05
whisker_R0_joint,13.5799999999998,0.014121407889623683
whisker_R1_joint,13.5799999999998,0.017070108314520382
whisker_L0_joint,13.599999999999799,0.009562292901554414
whisker_L1_joint,13.599999999999799,0.00960881387389989
whisker_R0_joint,13.599999999999799,0.0065728291285243046
whisker_R1_joint,13.599999999999799,0.01299059310778361
whisker_L0_joint,13.619999999999798,0.08664821196255357
whisker_L1_joint,13.619999999999798,0.08675677626681466
whisker_R0_joint,13.619999999999798,0.06652084746827303
whisker_R1_joint,13.619999999999798,0.07640766436525492
whisker_L0_joint,13.639999999999798,0.28373578603707017
whisker_L1_joint,13.639999999999798,0.2839063923971805
whisker_R0_joint,13.639999999999798,0.24646436107444192
whisker_R1_joint,13.639999999999798,0.25982016750343817
whisker_L0_joint,13.659999999999798,0.5818224057151946
whisker_L1_joint,13.659999999999798,0.5820550522160772
whisker_R0_joint,13.659999999999798,0.5274015756259915
whisker_R1_joint,13.659999999999798,0.5442262712490917
whisker_L0_joint,13.679999999999797,0.9409080303649526
whisker_L1_joint,13.679999999999797,0.9412027154643932
whisker_R0_joint,13.679999999999797,0.8693320449035902
whisker_R1_joint,13.679999999999797,0.8896255475686621
whisker_L0_joint,13.699999999999797,0.9575128846609138
whisker_L1_joint,13.699999999999797,0.9568372841686097
whisker_R0_joint,13.699999999999797,0.9783198111917164
whisker_R1_joint,13.699999999999797,0.9691201833426977
whisker_L0_joint,13.719999999999796,0.8371560392910302
whisker_L1_joint,13.719999999999796,0.8352520796511618
whisker_R0_joint,13.719999999999796,0.8758027468391889
whisker_R1_joint,13.719999999999796,0.8507035315019333
whisker_L0_joint,13.739999999999796,0.6368031380868038
whisker_L1_joint,13.739999999999796,0.6336708390657604
whisker_R0_joint,13.739999999999796,0.6932841472612301
whisker_R1_joint,13.739999999999796,0.6522855834388093
whisker_L0_joint,13.759999999999796,0.37237296977748624
whisker_L1_joint,13.759999999999796,0.36807377563609567
whisker_R0_joint,13.759999999999796,0.4457914054749308
whisker_R1_joint,13.759999999999796,0.3896887983066257
whisker_L0_joint,13.779999999999795,-0.003883959420160288
whisker_L1_joint,13.779999999999795,-0.009472835730210072
whisker_R0_joint,13.779999999999795,0.08824903510477622
whisker_R1_joint,13.779999999999795,0.01545300270120542
whisker_L0_joint,13.799999999999795,-4.4787809148516544e-05
whisker_L1_joint,13.799999999999795,-1.107057422622404e-06
whisker_R0_joint,13.799999999999795,-0.00030455546954755164
whisker_R1_joint,13.799999999999795,-6.59365735442563e-05
whisker_L0_joint,13.819999999999794,-1.0234323841729065e-06
whisker_L1_joint,13.819999999999794,-3.6969654688689957e-06
whisker_R0_joint,13.819999999999794,-3.61149952876616e-06
whisker_R1_joint,13.819999999999794,-1.1562570332301902e-06
whisker_L0_joint,13.839999999999794,-4.575138783380339e-06
whisker_L1_joint,13.839999999999794,-3.352684417468055e-05
whisker_R0_joint,13.839999999999794,-2.6855253076440988e-05
whisker_R1_joint,13.839999999999794,-5.687214046368183e-06
whisker_L0_joint,13.859999999999793,0.009513918801931531
whisker_L1_joint,13.859999999999793,0.00960067705654577
whisker_R0_joint,13.859999999999793,0.00958050280389422
whisker_R1_joint,13.859999999999793,0.009517071806612876
whisker_L0_joint,13.879999999999793,0.08653384987655333
whisker_L1_joint,13.879999999999793,0.08673641443080804
whisker_R0_joint,13.879999999999793,0.08668598222986912
whisker_R1_joint,13.879999999999793,0.08653787945817726
whisker_L0_joint,13.899999999999793,0.26455456050686266
whisker_L1_joint,13.899999999999793,0.26487292954573594
whisker_R0_joint,13.899999999999793,0.26478851514966006
whisker_R1_joint,13.899999999999793,0.2645557419318676
whisker_L0_joint,13.919999999999792,0.5035749693492058
whisker_L1_joint,13.919999999999792,0.5040091410612977
whisker_R0_joint,13.919999999999792,0.5038880889550841
whisker_R1_joint,13.919999999999792,0.5035706466159597
whisker_L0_joint,13.939999999999792,0.7825950812911735
whisker_L1_joint,13.939999999999792,0.7831450541751845
whisker_R0_joint,13.939999999999792,0.7829845843835503
whisker_R1_joint,13.939999999999792,0.7825824740208622
whisker_L0_joint,13.959999999999791,0.9995002372420254
whisker_L1_joint,13.959999999999791,0.9995002373120263
whisker_R0_joint,13.959999999999791,0.999499763427945
whisker_R1_joint,13.959999999999791,0.9994997633805713
whisker_L0_joint,13.97999999999979,0.9470603093642707
whisker_L1_joint,13.97999999999979,0.944513021618314
whisker_R0_joint,13.97999999999979,0.945275515229703
whisker_R1_joint,13.97999999999979,0.947137955478798
whisker_L0_joint,13.99999999999979,0.8146223031447333
whisker_L1_joint,13.99999999999979,0.8095277515076775
whisker_R0_joint,13.99999999999979,0.8110503296340639
whisker_R1_joint,13.99999999999979,0.8147751927847313
whisker_L0_joint,14.01999999999979,0.6021867923810804
whisker_L1_joint,14.01999999999979,0.5945450210743823
whisker_R0_joint,14.01999999999979,0.5968257573353437
whisker_R1_joint,14.01999999999979,0.6024130111528656
whisker_L0_joint,14.03999999999979,0.33433610465494734
whisker_L1_joint,14.03999999999979,0.299564617513135
whisker_R0_joint,14.03999999999979,0.30260545627832336
whisker_R1_joint,14.03999999999979,0.31005505357019736
whisker_L0_joint,14.059999999999789,0.2750291629946968
whisker_L1_joint,14.059999999999789,0.007131594509243833
whisker_R0_joint,14.059999999999789,-0.004741530879406319
whisker_R1_joint,14.059999999999789,-0.0006767018827389393
whisker_L0_joint,14.079999999999789,0.4076153116910213
whisker_L1_joint,14.079999999999789,-8.79857248854421e-05
whisker_R0_joint,14.079999999999789,-5.293234276226855e-05
whisker_R1_joint,14.079999999999789,-7.843046939903786e-06
whisker_L0_joint,14.099999999999788,0.5472746333927336
whisker_L1_joint,14.099999999999788,0.009766338656141293
whisker_R0_joint,14.099999999999788,0.009656425451614048
whisker_R1_joint,14.099999999999788,0.009521204973935049
whisker_L0_joint,14.119999999999788,0.7544424167827639
whisker_L1_joint,14.119999999999788,0.08713049415568452
whisker_R0_joint,14.119999999999788,0.08685554303983523
whisker_R1_joint,14.119999999999788,0.08653996628081817
whisker_L0_joint,14.139999999999787,1.0026967365385957
whisker_L1_joint,14.139999999999787,0.2236688508470932
whisker_R0_joint,14.139999999999787,0.28404929027279646
whisker_R1_joint,14.139999999999787,0.28355336095152683
whisker_L0_joint,14.159999999999787,1.000031089619167
whisker_L1_joint,14.159999999999787,0.22527864381359386
whisker_R0_joint,14.159999999999787,0.5822634796393951
whisker_R1_joint,14.159999999999787,0.5815872033001233
whisker_L0_joint,14.179999999999787,1.0000003583349706
whisker_L1_joint,14.179999999999787,0.13898625269395026
whisker_R0_joint,14.179999999999787,0.9414592386423761
whisker_R1_joint,14.179999999999787,0.9406026201933839
whisker_L0_joint,14.199999999999786,0.9906172426166879
whisker_L1_joint,14.199999999999786,0.05203338612063568
whisker_R0_joint,14.199999999999786,0.9561654221629361
whisker_R1_joint,14.199999999999786,0.9581293222020086
whisker_L0_joint,14.219999999999786,0.9327801963325904
whisker_L1_joint,14.219999999999786,-0.0006020783240447969
whisker_R0_joint,14.219999999999786,0.8333593100260615
whisker_R1_joint,14.219999999999786,0.8388939141830214
whisker_L0_joint,14.239999999999785,0.7949683695435681
whisker_L1_joint,14.239999999999785,-6.954811655468518e-06
whisker_R0_joint,14.239999999999785,0.6305308663500764
whisker_R1_joint,14.239999999999785,0.6396361088565197
whisker_L0_joint,14.259999999999785,0.5771703454022852
whisker_L1_joint,14.259999999999785,-0.00019996885162054667
whisker_R0_joint,14.259999999999785,0.3476924897426965
whisker_R1_joint,14.259999999999785,0.3603682957472074
whisker_L0_joint,14.279999999999784,0.3183017077866843
whisker_L1_joint,14.279999999999784,-2.474479833480814e-06
whisker_R0_joint,14.279999999999784,-0.01514768737261818
whisker_R1_joint,14.279999999999784,0.001098609545785223
whisker_L0_joint,14.299999999999784,0.28953057867874943
whisker_L1_joint,14.299999999999784,-1.7177341399943202e-05
whisker_R0_joint,14.299999999999784,0.007524077381189542
whisker_R1_joint,14.299999999999784,0.018892685069353377
whisker_L0_joint,14.319999999999784,0.4243949151738864
whisker_L1_joint,14.319999999999784,-1.7569329191502447e-07
whisker_R0_joint,14.319999999999784,-5.598767267311899e-05
whisker_R1_joint,14.319999999999784,-0.0007275918332654285
whisker_L0_joint,14.339999999999783,0.5068249179036446
whisker_L1_joint,14.339999999999783,-7.029444561545972e-06
whisker_R0_joint,14.339999999999783,-6.24840526874948e-07
whisker_R1_joint,14.339999999999783,-8.386983910035894e-06
whisker_L0_joint,14.359999999999783,0.5567553987781197
whisker_L1_joint,14.359999999999783,0.009523003278522957
whisker_R0_joint,14.359999999999783,0.009499867305145848
whisker_R1_joint,14.359999999999783,0.009523151857925072
whisker_L0_joint,14.379999999999782,0.6741912754276882
whisker_L1_joint,14.379999999999782,0.08655859441168445
whisker_R0_joint,14.379999999999782,0.0864941929502745
whisker_R1_joint,14.379999999999782,0.08654852637285515
whisker_L0_joint,14.399999999999782,0.8926362489982438
whisker_L1_joint,14.399999999999782,0.2220548907360591
whisker_R0_joint,14.399999999999782,0.264477033708026
whisker_R1_joint,14.399999999999782,0.26456241565474503
whisker_L0_joint,14.419999999999781,0.9893717237270261
whisker_L1_joint,14.419999999999781,0.20909776751668208
whisker_R0_joint,14.419999999999781,0.5034620434554782
whisker_R1_joint,14.419999999999781,0.5035784734468329
whisker_L0_joint,14.439999999999781,0.9766174569922423
whisker_L1_joint,14.439999999999781,0.11983271934314832
whisker_R0_joint,14.439999999999781,0.7824501448477816
whisker_R1_joint,14.439999999999781,0.7825976224811413
whisker_L0_joint,14.45999999999978,0.9753958033256325
whisker_L1_joint,14.45999999999978,0.036888189948711236
whisker_R0_joint,14.45999999999978,0.9994997703730606
whisker_R1_joint,14.45999999999978,0.9994997703939399
whisker_L0_joint,14.47999999999978,0.9257667655083104
whisker_L1_joint,14.47999999999978,-0.00040465684170509775
whisker_R0_joint,14.47999999999978,0.9477413794083516
whisker_R1_joint,14.47999999999978,0.9470583281002201
whisker_L0_joint,14.49999999999978,0.7961584825953807
whisker_L1_joint,14.49999999999978,-4.7058049998938145e-06
whisker_R0_joint,14.49999999999978,0.8159633883205446
whisker_R1_joint,14.49999999999978,0.8145972924845966
whisker_L0_joint,14.51999999999978,0.5865656196871463
whisker_L1_joint,14.51999999999978,-6.548154526697658e-05
whisker_R0_joint,14.51999999999978,0.604172893903443
whisker_R1_joint,14.51999999999978,0.6021237648115401
whisker_L0_joint,14.539999999999779,0.31928630563234073
whisker_L1_joint,14.539999999999779,-1.1679152738253151e-06
whisker_R0_joint,14.539999999999779,0.3123748114572953
whisker_R1_joint,14.539999999999779,0.3096426660288101
whisker_L0_joint,14.559999999999778,0.2442088866226495
whisker_L1_joint,14.559999999999778,-5.677736154119373e-06
whisker_R0_joint,14.559999999999778,-0.011376228002021982
whisker_R1_joint,14.559999999999778,-0.0009495175626454966
whisker_L0_joint,14.579999999999778,0.36249383089520926
whisker_L1_joint,14.579999999999778,-8.188239423922994e-05
whisker_R0_joint,14.579999999999778,0.017135959132999368
whisker_R1_joint,14.579999999999778,-1.0947262699012583e-05
whisker_L0_joint,14.599999999999778,0.4687746228609697
whisker_L1_joint,14.599999999999778,-9.194612058394114e-07
whisker_R0_joint,14.599999999999778,-0.0003692244505586473
whisker_R1_joint,14.599999999999778,9.83152617095584e-08
whisker_L0_joint,14.619999999999777,0.5824766967441182
whisker_L1_joint,14.619999999999777,0.028504443103484434
whisker_R0_joint,14.619999999999777,0.029605684976132807
whisker_R1_joint,14.619999999999777,0.026497443820893807
whisker_L0_joint,14.639999999999777,0.7561827015440503
whisker_L1_joint,14.639999999999777,0.11524460064673292
whisker_R0_joint,14.639999999999777,0.11957487574675607
whisker_R1_joint,14.639999999999777,0.11298915328759929
whisker_L0_joint,14.659999999999776,0.97090098200876
whisker_L1_joint,14.659999999999776,0.16225653283111896
whisker_R0_joint,14.659999999999776,0.2505316083380693
whisker_R1_joint,14.659999999999776,0.2404684048532575
whisker_L0_joint,14.679999999999776,0.9823210490404168
whisker_L1_joint,14.679999999999776,0.10503684781900269
whisker_R0_joint,14.679999999999776,0.3825055480306867
whisker_R1_joint,14.679999999999776,0.3689648584344196
whisker_L0_joint,14.699999999999775,0.9376967162987206
whisker_L1_joint,14.699999999999775,0.015057111787877275
whisker_R0_joint,14.699999999999775,0.49447443129133095
whisker_R1_joint,14.699999999999775,0.4774562484565523
whisker_L0_joint,14.719999999999775,0.8446002871294702
whisker_L1_joint,14.719999999999775,-1.3833667868112798e-05
whisker_R0_joint,14.719999999999775,0.5579158717505912
whisker_R1_joint,14.719999999999775,0.5374201800688114
whisker_L0_joint,14.739999999999775,0.6715248979300057
whisker_L1_joint,14.739999999999775,-0.0001998772454010478
whisker_R0_joint,14.739999999999775,0.5413373444285154
whisker_R1_joint,14.739999999999775,0.5173641327037188
whisker_L0_joint,14.759999999999774,0.41846883367478327
whisker_L1_joint,14.759999999999774,-2.4441133605890286e-06
whisker_R0_joint,14.759999999999774,0.4447419896248652
whisker_R1_joint,14.759999999999774,0.41729127690973833
whisker_L0_joint,14.779999999999774,0.23402203388117293
whisker_L1_joint,14.779999999999774,-2.6829642616021943e-05
whisker_R0_joint,14.779999999999774,0.2681427243980279
whisker_R1_joint,14.779999999999774,0.23721455914145473
whisker_L0_joint,14.799999999999773,0.3094999626086734
whisker_L1_joint,14.799999999999773,-0.0002026236306980067
whisker_R0_joint,14.799999999999773,0.011555922554419062
whisker_R1_joint,14.799999999999773,-0.006359362871577012
whisker_L0_joint,14.819999999999773,0.43414601570498323
whisker_L1_joint,14.819999999999773,-2.707111424804509e-06
whisker_R0_joint,14.819999999999773,-4.85979043123308e-05
whisker_R1_joint,14.819999999999773,-4.436923135742177e-05
whisker_L0_joint,14.839999999999772,0.4816344718161609
whisker_L1_joint,14.839999999999772,-1.1008024249470338e-05
whisker_R0_joint,14.839999999999772,-1.0869797053558727e-06
whisker_R1_joint,14.839999999999772,-1.0782605084358465e-06
whisker_L0_joint,14.859999999999772,0.496626327832403
whisker_L1_joint,14.859999999999772,0.009536670315682727
whisker_R0_joint,14.859999999999772,0.009500529519383072
whisker_R1_joint,14.859999999999772,0.009500581818051579
whisker_L0_joint,14.879999999999772,0.579127157330154
whisker_L1_joint,14.879999999999772,0.08659328646960773
whisker_R0_joint,14.879999999999772,0.0864919468405212
whisker_R1_joint,14.879999999999772,0.08649196425361438
whisker_L0_joint,14.899999999999771,0.7816426544357995
whisker_L1_joint,14.899999999999771,0.2018844902585064
whisker_R0_joint,14.899999999999771,0.2834646763837627
whisker_R1_joint,14.899999999999771,0.28346465891170514
whisker_L0_joint,14.91999999999977,1.0005882047305796
whisker_L1_joint,14.91999999999977,0.1904342161001651
whisker_R0_joint,14.91999999999977,0.581419601993117
whisker_R1_joint,14.91999999999977,0.5814195496360979
whisker_L0_joint,14.93999999999977,1.0000067813001916
whisker_L1_joint,14.93999999999977,0.11446950316332583
whisker_R0_joint,14.93999999999977,0.9593971219938906
whisker_R1_joint,14.93999999999977,0.9593970347528291
whisker_L0_joint,14.95999999999977,1.0000000781904799
whisker_L1_joint,14.95999999999977,0.0704434234832263
whisker_R0_joint,14.95999999999977,1.0000256116396304
whisker_R1_joint,14.95999999999977,1.0000256103626626
whisker_L0_joint,14.97999999999977,0.9809996325177952
whisker_L1_joint,14.97999999999977,0.017944943471880137
whisker_R0_joint,14.97999999999977,0.9809233953187988
whisker_R1_joint,14.97999999999977,0.9809233991492796
whisker_L0_joint,14.999999999999769,0.9220115012126993
whisker_L1_joint,14.999999999999769,-5.0297542978583465e-05
whisker_R0_joint,14.999999999999769,0.9218089295069074
whisker_R1_joint,14.999999999999769,0.9218089384440873
whisker_L0_joint,15.019999999999769,0.8230309836027381
whisker_L1_joint,15.019999999999769,-1.0452450487363762e-06
whisker_R0_joint,15.019999999999769,0.8226872039469715
whisker_R1_joint,15.019999999999769,0.8226872179908167
whisker_L0_joint,15.039999999999768,0.6840554554162921
whisker_L1_joint,15.039999999999768,-3.043702829330641e-06
whisker_R0_joint,15.039999999999768,0.6835612563809281
whisker_R1_joint,15.039999999999768,0.6835612755308276
whisker_L0_joint,15.059999999999768,0.5247834598105641
whisker_L1_joint,15.059999999999768,-1.0768398051475003e-05
whisker_R0_joint,15.059999999999768,0.5241429269138873
whisker_R1_joint,15.059999999999768,0.5241429506589554
whisker_L0_joint,15.079999999999767,0.28612729688315497
whisker_L1_joint,15.079999999999767,-2.6173922327288324e-05
whisker_R0_joint,15.079999999999767,0.2852911441251482
whisker_R1_joint,15.079999999999767,0.2852911734851187
whisker_L0_joint,15.099999999999767,0.027174456225219856
whisker_L1_joint,15.099999999999767,-6.671252119616611e-07
whisker_R0_joint,15.099999999999767,0.0261485814249518
whisker_R1_joint,15.099999999999767,0.026148615889191262
whisker_L0_joint,15.119999999999767,0.024692209492217287
whisker_L1_joint,15.119999999999767,0.028457890817315423
whisker_R0_joint,15.119999999999767,0.02741229883136942
whisker_R1_joint,15.119999999999767,0.0274122079040362
whisker_L0_joint,15.139999999999766,0.1098717160114484
whisker_L1_joint,15.139999999999766,0.1169096846620512
whisker_R0_joint,15.139999999999766,0.11677780941316662
whisker_R1_joint,15.139999999999766,0.11677757859510329
whisker_L0_joint,15.159999999999766,0.2360512761341882
whisker_L1_joint,15.159999999999766,0.24636151632300063
whisker_R0_joint,15.159999999999766,0.24714274557383575
whisker_R1_joint,15.159999999999766,0.24714237486612411
whisker_L0_joint,15.179999999999765,0.36323279820198895
whisker_L1_joint,15.179999999999765,0.37681530890336923
whisker_R0_joint,15.179999999999765,0.3785056570292227
whisker_R1_joint,15.179999999999765,0.37850514643119304
whisker_L0_joint,15.199999999999765,0.47041632806319544
whisker_L1_joint,15.199999999999765,0.4872711188789358
whisker_R0_joint,15.199999999999765,0.489866915851354
whisker_R1_joint,15.199999999999765,0.4898662653615782
whisker_L0_joint,15.219999999999764,0.5291010386238293
whisker_L1_joint,15.219999999999764,0.5492281259204432
whisker_R0_joint,15.219999999999764,0.5527274554447539
whisker_R1_joint,15.219999999999764,0.5527266650622895
whisker_L0_joint,15.239999999999764,0.5077848966975624
whisker_L1_joint,15.239999999999764,0.5311842866878891
whisker_R0_joint,15.239999999999764,0.53558900433252
whisker_R1_joint,15.239999999999764,0.5355880740575678
whisker_L0_joint,15.259999999999764,0.40646849915297434
whisker_L1_joint,15.259999999999764,0.4331401723832542
whisker_R0_joint,15.259999999999764,0.4384512812305399
whisker_R1_joint,15.259999999999764,0.4384502110644686
whisker_L0_joint,15.279999999999763,0.22515374009267308
whisker_L1_joint,15.279999999999763,0.2550976510730312
whisker_R0_joint,15.279999999999763,0.2613139598601819
whisker_R1_joint,15.279999999999763,0.26131274980525454
whisker_L0_joint,15.299999999999763,-0.004055904871544946
whisker_L1_joint,15.299999999999763,-0.0029358125304472793
whisker_R0_joint,15.299999999999763,0.004172435117585138
whisker_R1_joint,15.299999999999763,0.004171085179441647
whisker_L0_joint,15.319999999999762,-4.479204143326143e-05
whisker_L1_joint,15.319999999999762,-3.385699899727257e-05
whisker_R0_joint,15.319999999999762,-0.00013806418816475485
whisker_R1_joint,15.319999999999762,-0.00013653579409833583
whisker_L0_joint,15.339999999999762,-1.0424310996626218e-06
whisker_L1_joint,15.339999999999762,1.023678247946691e-06
whisker_R0_joint,15.339999999999762,-1.812518820365483e-06
whisker_R1_joint,15.339999999999762,-1.7990747416263275e-06
whisker_L0_joint,15.359999999999761,0.009503693183750883
whisker_L1_joint,15.359999999999761,0.009110304235860234
whisker_R0_joint,15.359999999999761,0.009506013235784039
whisker_R1_joint,15.359999999999761,0.009505979124670993
whisker_L0_joint,15.379999999999761,0.08650782148989666
whisker_L1_joint,15.379999999999761,0.08591062756847379
whisker_R0_joint,15.379999999999761,0.08651299721574812
whisker_R1_joint,15.379999999999761,0.08651290932872335
whisker_L0_joint,15.39999999999976,0.2835108070015053
whisker_L1_joint,15.39999999999976,0.28270981229693426
whisker_R0_joint,15.39999999999976,0.2835179413917528
whisker_R1_joint,15.39999999999976,0.2835177997299745
whisker_L0_joint,15.41999999999976,0.5815105971629508
whisker_L1_joint,15.41999999999976,0.5805058079542125
whisker_R0_joint,15.41999999999976,0.581518330653898
whisker_R1_joint,15.41999999999976,0.5815181352189533
whisker_L0_joint,15.43999999999976,0.959504111120351
whisker_L1_joint,15.43999999999976,0.9582955343005333
whisker_R0_joint,15.43999999999976,0.9595134315707101
whisker_R1_joint,15.43999999999976,0.9595131823647298
whisker_L0_joint,15.45999999999976,1.000026844978354
whisker_L1_joint,15.45999999999976,1.00000583933838
whisker_R0_joint,15.45999999999976,1.0000269484276405
whisker_R1_joint,15.45999999999976,1.0000269461882505
whisker_L0_joint,15.479999999999759,0.9809188321683067
whisker_L1_joint,15.479999999999759,0.9809818490600044
whisker_R0_joint,15.479999999999759,0.9809197940919656
whisker_R1_joint,15.479999999999759,0.9809198008106277
whisker_L0_joint,15.499999999999758,0.9218108596064667
whisker_L1_joint,15.499999999999758,0.9219578988645427
whisker_R0_joint,15.499999999999758,0.9218126903530379
whisker_R1_joint,15.499999999999758,0.9218127060295798
whisker_L0_joint,15.519999999999758,0.8227029468728464
whisker_L1_joint,15.519999999999758,0.8229340081645873
whisker_R0_joint,15.519999999999758,0.822705854461983
whisker_R1_joint,15.519999999999758,0.8227058790963246
whisker_L0_joint,15.539999999999758,0.6835952337810411
whisker_L1_joint,15.539999999999758,0.6839103166034732
whisker_R0_joint,15.539999999999758,0.6835995502082994
whisker_R1_joint,15.539999999999758,0.6835995838003628
whisker_L0_joint,15.559999999999757,0.5044883029248286
whisker_L1_joint,15.559999999999757,0.5048874066084785
whisker_R0_joint,15.559999999999757,0.5044937498588986
whisker_R1_joint,15.559999999999757,0.5044937924084278
whisker_L0_joint,15.579999999999757,0.2853828748798364
whisker_L1_joint,15.579999999999757,0.2858659985886369
whisker_R0_joint,15.579999999999757,0.28538844437058586
whisker_R1_joint,15.579999999999757,0.28538849587727544
whisker_L0_joint,15.599999999999756,0.026278877764415398
whisker_L1_joint,15.599999999999756,0.02684602049364493
whisker_R0_joint,15.599999999999756,0.026284578203220832
whisker_R1_joint,15.599999999999756,0.02628463866707076
whisker_L0_joint,15.619999999999756,0.02706095712851031
whisker_L1_joint,15.619999999999756,0.025564544612149298
whisker_R0_joint,15.619999999999756,0.027047640370457593
whisker_R1_joint,15.619999999999756,0.02704748084940789
whisker_L0_joint,15.639999999999755,0.14438504528307483
whisker_L1_joint,15.639999999999755,0.14058647765336918
whisker_R0_joint,15.639999999999755,0.14435134315155462
whisker_R1_joint,15.639999999999755,0.14435093820947564
whisker_L0_joint,15.659999999999755,0.3627072644943503
whisker_L1_joint,15.659999999999755,0.3566065892731132
whisker_R0_joint,15.659999999999755,0.3626532728328238
whisker_R1_joint,15.659999999999755,0.36265262247471597
whisker_L0_joint,15.679999999999755,0.6420277907221852
whisker_L1_joint,15.679999999999755,0.6336250508836176
whisker_R0_joint,15.679999999999755,0.6419522285499966
whisker_R1_joint,15.679999999999755,0.6419513327799713
whisker_L0_joint,15.699999999999754,0.9613462402594504
whisker_L1_joint,15.699999999999754,0.9506414701636201
whisker_R0_joint,15.699999999999754,0.9612487518598236
whisker_R1_joint,15.699999999999754,0.9612476106809194
whisker_L0_joint,15.719999999999754,0.9638154016970679
whisker_L1_joint,15.719999999999754,0.9903355394626976
whisker_R0_joint,15.719999999999754,0.964056282120942
whisker_R1_joint,15.719999999999754,0.9640591092883799
whisker_L0_joint,15.739999999999753,0.8598403239994274
whisker_L1_joint,15.739999999999753,0.9305605432890589
whisker_R0_joint,15.739999999999753,0.8604845843898881
whisker_R1_joint,15.739999999999753,0.8604921234835441
whisker_L0_joint,15.759999999999753,0.6758657890276654
whisker_L1_joint,15.759999999999753,0.7907855507140935
whisker_R0_joint,15.759999999999753,0.676914519655214
whisker_R1_joint,15.759999999999753,0.6769267706073911
whisker_L0_joint,15.779999999999752,0.4118937569298966
whisker_L1_joint,15.779999999999752,0.5710121680545699
whisker_R0_joint,15.779999999999752,0.4133470700365267
whisker_R1_joint,15.779999999999752,0.413364032741967
whisker_L0_joint,15.799999999999752,0.06792624186091789
whisker_L1_joint,15.799999999999752,0.27124205542010404
whisker_R0_joint,15.799999999999752,0.06978444941713935
whisker_R1_joint,15.799999999999752,0.06980612373295791
whisker_L0_joint,15.819999999999752,-4.308502034966466e-05
whisker_L1_joint,15.819999999999752,-0.001939512412954869
whisker_R0_joint,15.819999999999752,-7.931324971988118e-05
whisker_R1_joint,15.819999999999752,-8.31074981464397e-05
whisker_L0_joint,15.839999999999751,-1.1166909512638767e-06
whisker_L1_joint,15.839999999999751,-2.2380046790004826e-05
whisker_R0_joint,15.839999999999751,-1.321217464322899e-06
whisker_R1_joint,15.839999999999751,-1.353445512997098e-06
whisker_L0_joint,15.85999999999975,0.009503475849959031
whisker_L1_joint,15.85999999999975,0.009566289317663568
whisker_R0_joint,15.85999999999975,0.00950546387034823
whisker_R1_joint,15.85999999999975,0.009505541185574451
whisker_L0_joint,15.87999999999975,0.08650716467849051
whisker_L1_joint,15.87999999999975,0.08665503117157947
whisker_R0_joint,15.87999999999975,0.08651122002036882
whisker_R1_joint,15.87999999999975,0.08651142624736163
whisker_L0_joint,15.89999999999975,0.2835095123242706
whisker_L1_joint,15.89999999999975,0.2837424300935334
whisker_R0_joint,15.89999999999975,0.2835151348352598
whisker_R1_joint,15.89999999999975,0.28351546997151456
whisker_L0_joint,15.91999999999975,0.581507758683558
whisker_L1_joint,15.91999999999975,0.581825725106417
whisker_R0_joint,15.91999999999975,0.5815153987557036
whisker_R1_joint,15.91999999999975,0.581515862796878
whisker_L0_joint,15.939999999999749,0.9405016975933096
whisker_L1_joint,15.939999999999749,0.9409047105616013
whisker_R0_joint,15.939999999999749,0.9405118601876818
whisker_R1_joint,15.939999999999749,0.9405124531303306
whisker_L0_joint,15.959999999999749,0.9583589433691664
whisker_L1_joint,15.959999999999749,0.9574348992260546
whisker_R0_joint,15.959999999999749,0.9583370209992275
whisker_R1_joint,15.959999999999749,0.9583356598163997
whisker_L0_joint,15.979999999999748,0.8395579357976093
whisker_L1_joint,15.979999999999748,0.8369538187987438
whisker_R0_joint,15.979999999999748,0.8394948750675635
whisker_R1_joint,15.979999999999748,0.8394910390175037
whisker_L0_joint,15.999999999999748,0.6407588203513974
whisker_L1_joint,15.999999999999748,0.6364746573637419
whisker_R0_joint,15.999999999999748,0.640653475029481
whisker_R1_joint,15.999999999999748,0.6406471641517184
whisker_L0_joint,16.019999999999747,0.3619624995491453
whisker_L1_joint,16.019999999999747,0.3559983308835335
whisker_R0_joint,16.019999999999747,0.361815105750928
whisker_R1_joint,16.019999999999747,0.36180632010478764
whisker_L0_joint,16.039999999999747,0.0031852090081674334
whisker_L1_joint,16.039999999999747,-0.004458963590179721
whisker_R0_joint,16.039999999999747,0.002968107090515204
whisker_R1_joint,16.039999999999747,0.1353505867070135
whisker_L0_joint,16.059999999999746,0.012993213454975283
whisker_L1_joint,16.059999999999746,-5.141417066312215e-05
whisker_R0_joint,16.059999999999746,0.01360388398765977
whisker_R1_joint,16.059999999999746,0.19663659144894918
whisker_L0_joint,16.079999999999746,-3.133350656803202e-05
whisker_L1_joint,16.079999999999746,-1.2758394634104775e-06
whisker_R0_joint,16.079999999999746,-0.00022048429566456917
whisker_R1_joint,16.079999999999746,0.3494720948510732
whisker_L0_joint,16.099999999999746,-0.00019969557403154425
whisker_L1_joint,16.099999999999746,-4.6099702890600724e-06
whisker_R0_joint,16.099999999999746,-2.7455165216849764e-06
whisker_R1_joint,16.099999999999746,0.42933940187271347
whisker_L0_joint,16.119999999999745,0.010094800901255141
whisker_L1_joint,16.119999999999745,0.009509717374063698
whisker_R0_joint,16.119999999999745,0.009512821410075922
whisker_R1_joint,16.119999999999745,0.4767075521165953
whisker_L0_joint,16.139999999999745,0.08788231393071566
whisker_L1_joint,16.139999999999745,0.08651689238880156
whisker_R0_joint,16.139999999999745,0.08653471468768359
whisker_R1_joint,16.139999999999745,0.5915821341477177
whisker_L0_joint,16.159999999999744,0.26666044153594815
whisker_L1_joint,16.159999999999744,0.2645146938394616
whisker_R0_joint,16.159999999999744,0.26456382515462185
whisker_R1_joint,16.159999999999744,0.8074632674774893
whisker_L0_joint,16.179999999999744,0.5064399719218784
whisker_L1_joint,16.179999999999744,0.5035139103902848
whisker_R0_joint,16.179999999999744,0.484213480895308
whisker_R1_joint,16.179999999999744,1.0010007786602015
whisker_L0_joint,16.199999999999743,0.7862282111768941
whisker_L1_joint,16.199999999999743,0.7825218462935526
whisker_R0_joint,16.199999999999743,0.5226980537165442
whisker_R1_joint,16.199999999999743,0.9845123739536641
whisker_L0_joint,16.219999999999743,0.9995001640339574
whisker_L1_joint,16.219999999999743,0.9995001616529526
whisker_R0_joint,16.219999999999743,0.381917273529762
whisker_R1_joint,16.219999999999743,0.9795757560724381
whisker_L0_joint,16.239999999999743,0.930302431024522
whisker_L1_joint,16.239999999999743,0.9474687323210196
whisker_R0_joint,16.239999999999743,0.17688406964011527
whisker_R1_joint,16.239999999999743,0.9262191676286298
whisker_L0_joint,16.259999999999742,0.781085226571264
whisker_L1_joint,16.259999999999742,0.8154176293962108
whisker_R0_joint,16.259999999999742,-0.00015273366605050853
whisker_R1_joint,16.259999999999742,0.7928836598925733
whisker_L0_joint,16.279999999999742,0.5518269431928413
whisker_L1_joint,16.279999999999742,0.6033251585503967
whisker_R0_joint,16.279999999999742,-0.0007066596482703247
whisker_R1_joint,16.279999999999742,0.5795923871021609
whisker_L0_joint,16.29999999999974,0.24256281720736617
whisker_L1_joint,16.29999999999974,0.31122639805314645
whisker_R0_joint,16.29999999999974,-8.184183412751622e-06
whisker_R1_joint,16.29999999999974,0.2886388630842438
whisker_L0_joint,16.31999999999974,-0.0002829479717680883
whisker_L1_joint,16.31999999999974,-0.012217588079103336
whisker_R0_joint,16.31999999999974,-0.000127855981960856
whisker_R1_joint,16.31999999999974,0.12680150199139373
whisker_L0_joint,16.33999999999974,-3.281134993926571e-06
whisker_L1_joint,16.33999999999974,0.021909349272838163
whisker_R0_joint,16.33999999999974,-1.5239715898118789e-06
whisker_R1_joint,16.33999999999974,0.2368911869994399
whisker_L0_joint,16.35999999999974,0.009504700598029103
whisker_L1_joint,16.35999999999974,0.023536569352359926
whisker_R0_joint,16.35999999999974,0.009509803203661349
whisker_R1_joint,16.35999999999974,0.41899291189131205
whisker_L0_joint,16.37999999999974,0.0865030220833356
whisker_L1_joint,16.37999999999974,0.09265417054832348
whisker_R0_joint,16.37999999999974,0.08653037298651611
whisker_R1_joint,16.37999999999974,0.6690716422670873
whisker_L0_joint,16.39999999999974,0.283496605966568
whisker_L1_joint,16.39999999999974,0.2817671897324123
whisker_R0_joint,16.39999999999974,0.2835525181830221
whisker_R1_joint,16.39999999999974,1.0142371868509903
whisker_L0_joint,16.41999999999974,0.5815519586921161
whisker_L1_joint,16.41999999999974,0.5719422171183686
whisker_R0_joint,16.41999999999974,0.5340383999977449
whisker_R1_joint,16.41999999999974,0.9870610412105334
whisker_L0_joint,16.43999999999974,0.9405626287636926
whisker_L1_joint,16.43999999999974,0.9230727544816366
whisker_R0_joint,16.43999999999974,0.5392850087287915
whisker_R1_joint,16.43999999999974,1.0000983040529778
whisker_L0_joint,16.459999999999738,0.9581709914346916
whisker_L1_joint,16.459999999999738,0.9635573118811642
whisker_R0_joint,16.459999999999738,0.3562190120550568
whisker_R1_joint,16.459999999999738,0.9903248485681004
whisker_L0_joint,16.479999999999738,0.8390560776715663
whisker_L1_joint,16.479999999999738,0.8481734162545909
whisker_R0_joint,16.479999999999738,0.11417495686606216
whisker_R1_joint,16.479999999999738,0.9320836388135341
whisker_L0_joint,16.499999999999737,0.639909402253938
whisker_L1_joint,16.499999999999737,0.6527577007144174
whisker_R0_joint,16.499999999999737,-0.00034628107115342033
whisker_R1_joint,16.499999999999737,0.7938761352513595
whisker_L0_joint,16.519999999999737,0.36073787937963075
whisker_L1_joint,16.519999999999737,0.3773170514789186
whisker_R0_joint,16.519999999999737,-4.107289372612399e-06
whisker_R1_joint,16.519999999999737,0.5756978704148157
whisker_L0_joint,16.539999999999736,0.0015644838252875104
whisker_L1_joint,16.539999999999736,0.02187434558915058
whisker_R0_joint,16.539999999999736,-2.684727545876342e-05
whisker_R1_joint,16.539999999999736,0.2792556261308441
whisker_L0_joint,16.559999999999736,0.01766344342516568
whisker_L1_joint,16.559999999999736,0.016375888110618853
whisker_R0_joint,16.559999999999736,-7.092214282522491e-07
whisker_R1_joint,16.559999999999736,0.1016005507802209
whisker_L0_joint,16.579999999999735,-0.0004936380086437708
whisker_L1_joint,16.579999999999735,-0.0004268946707730592
whisker_R0_joint,16.579999999999735,-3.6078976508591154e-06
whisker_R1_joint,16.579999999999735,0.1976615734944991
whisker_L0_joint,16.599999999999735,-5.694479317419621e-06
whisker_L1_joint,16.599999999999735,-4.925534254240915e-06
whisker_R0_joint,16.599999999999735,-0.00016008574063430814
whisker_R1_joint,16.599999999999735,0.3381331018480971
whisker_L0_joint,16.619999999999735,0.009511748709459589
whisker_L1_joint,16.619999999999735,0.009509442565541981
whisker_R0_joint,16.619999999999735,0.00998554855260192
whisker_R1_joint,16.619999999999735,0.4481802390001848
whisker_L0_joint,16.639999999999734,0.08652087292839106
whisker_L1_joint,16.639999999999734,0.08651549101539846
whisker_R0_joint,16.639999999999734,0.08763903254602923
whisker_R1_joint,16.639999999999734,0.6257344258082949
whisker_L0_joint,16.659999999999734,0.2645230430322565
whisker_L1_joint,16.659999999999734,0.26451458539212247
whisker_R0_joint,16.659999999999734,0.26629744329354477
whisker_R1_joint,16.659999999999734,0.9042915534232625
whisker_L0_joint,16.679999999999733,0.5035560342429104
whisker_L1_joint,16.679999999999733,0.5035445009282364
whisker_R0_joint,16.679999999999733,0.4764146427471472
whisker_R1_joint,16.679999999999733,1.0000861482405288
whisker_L0_joint,16.699999999999733,0.7825786023440333
whisker_L1_joint,16.699999999999733,0.7825639934007382
whisker_R0_joint,16.699999999999733,0.49389772737998694
whisker_R1_joint,16.699999999999733,1.0000009910641392
whisker_L0_joint,16.719999999999732,0.999500100440244
whisker_L1_joint,16.719999999999732,0.9995001004387492
whisker_R0_joint,16.719999999999732,0.34892180285180086
whisker_R1_joint,16.719999999999732,0.9905309715895125
whisker_L0_joint,16.739999999999732,0.9471833586703013
whisker_L1_joint,16.739999999999732,0.9472510210985172
whisker_R0_joint,16.739999999999732,0.14320449274159852
whisker_R1_joint,16.739999999999732,0.9326406736012558
whisker_L0_joint,16.75999999999973,0.8148430098519022
whisker_L1_joint,16.75999999999973,0.8149783340590799
whisker_R0_joint,16.75999999999973,-0.000542004433385479
whisker_R1_joint,16.75999999999973,0.7947751692668259
whisker_L0_joint,16.77999999999973,0.6024696269081549
whisker_L1_joint,16.77999999999973,0.6026726117978649
whisker_R0_joint,16.77999999999973,-6.3608876841314554e-06
whisker_R1_joint,16.77999999999973,0.5769456648565754
whisker_L0_joint,16.79999999999973,0.31009197222020823
whisker_L1_joint,16.79999999999973,0.3103626160339834
whisker_R0_joint,16.79999999999973,-3.350231001597592e-05
whisker_R1_joint,16.79999999999973,0.2791275171356844
whisker_L0_joint,16.81999999999973,-0.0006752160923868544
whisker_L1_joint,16.81999999999973,-0.0005072254912823482
whisker_R0_joint,16.81999999999973,-5.464694794454772e-07
whisker_R1_joint,16.81999999999973,0.07614184879723851
whisker_L0_joint,16.83999999999973,-7.771966410885511e-06
whisker_L1_joint,16.83999999999973,-5.830180818122699e-06
whisker_R0_joint,16.83999999999973,-8.78830754036386e-06
whisker_R1_joint,16.83999999999973,0.1636831098866356
whisker_L0_joint,16.85999999999973,0.009519472262476292
whisker_L1_joint,16.85999999999973,0.009513648467872393
whisker_R0_joint,16.85999999999973,0.009530194731810049
whisker_R1_joint,16.85999999999973,0.3634864290356159
whisker_L0_joint,16.87999999999973,0.08653708333374599
whisker_L1_joint,16.87999999999973,0.0865234924387206
whisker_R0_joint,16.87999999999973,0.08657808629186903
whisker_R1_joint,16.87999999999973,0.6333203779363625
whisker_L0_joint,16.89999999999973,0.2835494960715188
whisker_L1_joint,16.89999999999973,0.283528138216953
whisker_R0_joint,16.89999999999973,0.2836280157129556
whisker_R1_joint,16.89999999999973,1.0006497722333991
whisker_L0_joint,16.919999999999728,0.5816229105910633
whisker_L1_joint,16.919999999999728,0.5815937860061533
whisker_R0_joint,16.919999999999728,0.5217481464387728
whisker_R1_joint,16.919999999999728,1.0000074882326713
whisker_L0_joint,16.939999999999728,0.9406601583172156
whisker_L1_joint,16.939999999999728,0.940623267193252
whisker_R0_joint,16.939999999999728,0.5169069337117174
whisker_R1_joint,16.939999999999728,1.0000000834941227
whisker_L0_joint,16.959999999999727,0.9579985163257021
whisker_L1_joint,16.959999999999727,0.9580830936207416
whisker_R0_joint,16.959999999999727,0.3405360343100172
whisker_R1_joint,16.959999999999727,0.9906245231737065
whisker_L0_joint,16.979999999999727,0.8385427259987956
whisker_L1_joint,16.979999999999727,0.8387810795278732
whisker_R0_joint,16.979999999999727,0.10707317003282579
whisker_R1_joint,16.979999999999727,0.9327792817437865
whisker_L0_joint,16.999999999999726,0.63905547707928
whisker_L1_joint,16.999999999999726,0.6394476041918242
whisker_R0_joint,16.999999999999726,-0.00011849414668319014
whisker_R1_joint,16.999999999999726,0.7949677901461962
whisker_L0_joint,17.019999999999726,0.3595465521137484
whisker_L1_joint,17.019999999999726,0.3600924490212005
whisker_R0_joint,17.019999999999726,-1.4681035542807308e-06
whisker_R1_joint,17.019999999999726,0.5771830191315415
whisker_L0_joint,17.039999999999726,3.696687516452357e-05
whisker_L1_joint,17.039999999999726,0.0007359449303248056
whisker_R0_joint,17.039999999999726,-2.145572983724975e-05
whisker_R1_joint,17.039999999999726,0.2794075222497563
whisker_L0_joint,17.059999999999725,0.02188750139554685
whisker_L1_joint,17.059999999999725,0.01990692508593206
whisker_R0_joint,17.059999999999725,-0.00015994830229715262
whisker_R1_joint,17.059999999999725,-0.004504038550422251
whisker_L0_joint,17.079999999999725,-0.0009532703644286045
whisker_L1_joint,17.079999999999725,-5.601090439633083e-05
whisker_R0_joint,17.079999999999725,-2.091638601875445e-06
whisker_R1_joint,17.079999999999725,0.007588554200365749
whisker_L0_joint,17.099999999999724,-1.1014874492509819e-05
whisker_L1_joint,17.099999999999724,-1.0011151019284625e-06
whisker_R0_joint,17.099999999999724,-1.3733970639862036e-05
whisker_R1_joint,17.099999999999724,-6.659281098020386e-05
whisker_L0_joint,17.119999999999724,0.009533155850864894
whisker_L1_joint,17.119999999999724,0.009503635018316636
whisker_R0_joint,17.119999999999724,0.009541155254746414
whisker_R1_joint,17.119999999999724,0.009699708294485632
whisker_L0_joint,17.139999999999723,0.08657714304282216
whisker_L1_joint,17.139999999999723,0.08650756729018383
whisker_R0_joint,17.139999999999723,0.08659579738336731
whisker_R1_joint,17.139999999999723,0.08696578476733396
whisker_L0_joint,17.159999999999723,0.28361893254836623
whisker_L1_joint,17.159999999999723,0.28350930271602515
whisker_R0_joint,17.159999999999723,0.2836492408202078
whisker_R1_joint,17.159999999999723,0.2842306581046312
whisker_L0_joint,17.179999999999723,0.5816576551544328
whisker_L1_joint,17.179999999999723,0.5815079724550403
whisker_R0_joint,17.179999999999723,0.5816981328148794
whisker_R1_joint,17.179999999999723,0.5824909735894321
whisker_L0_joint,17.199999999999722,0.9596925977428334
whisker_L1_joint,17.199999999999722,0.9595028635204557
whisker_R0_joint,17.199999999999722,0.9597393843239654
whisker_R1_joint,17.199999999999722,0.960743641488798
whisker_L0_joint,17.21999999999972,1.0000274799139213
whisker_L1_joint,17.21999999999972,1.000026838901996
whisker_R0_joint,17.21999999999972,1.00002691335615
whisker_R1_joint,17.21999999999972,1.0000294407127948
whisker_L0_joint,17.23999999999972,0.9809167610175074
whisker_L1_joint,17.23999999999972,0.9809186840551343
whisker_R0_joint,17.23999999999972,0.9809200676469416
whisker_R1_joint,17.23999999999972,0.9809124856947831
whisker_L0_joint,17.25999999999972,0.9218059785071251
whisker_L1_joint,17.25999999999972,0.9218104655902986
whisker_R0_joint,17.25999999999972,0.9218133755948141
whisker_R1_joint,17.25999999999972,0.9217956843852049
whisker_L0_joint,17.27999999999972,0.8226954032308935
whisker_L1_joint,17.27999999999972,0.8227024543494545
whisker_R0_joint,17.27999999999972,0.8227068037445733
whisker_R1_joint,17.27999999999972,0.8226790033177247
whisker_L0_joint,17.29999999999972,0.6835864516318573
whisker_L1_joint,17.29999999999972,0.68359606677065
whisker_R0_joint,17.29999999999972,0.6835993329295071
whisker_R1_joint,17.29999999999972,0.6835614233456768
whisker_L0_joint,17.31999999999972,0.5044794350424606
whisker_L1_joint,17.31999999999972,0.5044916141811688
whisker_R0_joint,17.31999999999972,0.5044912112948801
whisker_R1_joint,17.31999999999972,0.504443192634656
whisker_L0_joint,17.33999999999972,0.285373941050171
whisker_L1_joint,17.33999999999972,0.28538868416281904
whisker_R0_joint,17.33999999999972,0.2853836030012733
whisker_R1_joint,17.33999999999972,0.28532547536655084
whisker_L0_joint,17.35999999999972,0.0262697412273436
whisker_L1_joint,17.35999999999972,0.02628704828202988
whisker_R0_joint,17.35999999999972,0.026277625411118777
whisker_R1_joint,17.35999999999972,0.02620938892771374
whisker_L0_joint,17.37999999999972,0.027084876523363555
whisker_L1_joint,17.37999999999972,0.0270392124573684
whisker_R0_joint,17.37999999999972,0.027066253577570087
whisker_R1_joint,17.37999999999972,0.02724629335615525
whisker_L0_joint,17.399999999999718,0.11594666181689917
whisker_L1_joint,17.399999999999718,0.1158307452594709
whisker_R0_joint,17.399999999999718,0.11589816616034554
whisker_R1_joint,17.399999999999718,0.11635519045944864
whisker_L0_joint,17.419999999999717,0.24580868338657869
whisker_L1_joint,17.419999999999717,0.24562251472020513
whisker_R0_joint,17.419999999999717,0.24572924741485114
whisker_R1_joint,17.419999999999717,0.24646325472384767
whisker_L0_joint,17.439999999999717,0.3766713762027951
whisker_L1_joint,17.439999999999717,0.37641495544048276
whisker_R0_joint,17.439999999999717,0.3765596307701369
whisker_R1_joint,17.439999999999717,0.3775706210380312
whisker_L0_joint,17.459999999999717,0.4875347424234544
whisker_L1_joint,17.459999999999717,0.487208069352536
whisker_R0_joint,17.459999999999717,0.48738970990335684
whisker_R1_joint,17.459999999999717,0.4886776839700344
whisker_L0_joint,17.479999999999716,0.5498983389631471
whisker_L1_joint,17.479999999999716,0.5495014132377589
whisker_R0_joint,17.479999999999716,0.5497199866353251
whisker_R1_joint,17.479999999999716,0.5512849458680416
whisker_L0_joint,17.499999999999716,0.5322623197902265
whisker_L1_joint,17.499999999999716,0.5317951412539408
whisker_R0_joint,17.499999999999716,0.5320500367590641
whisker_R1_joint,17.499999999999716,0.5338919817804104
whisker_L0_joint,17.519999999999715,0.4346268656591894
whisker_L1_joint,17.519999999999715,0.4340894347179933
whisker_R0_joint,17.519999999999715,0.4343799627813363
whisker_R1_joint,17.519999999999715,0.43649889199662084
whisker_L0_joint,17.539999999999715,0.256992917819713
whisker_L1_joint,17.539999999999715,0.25638523544212966
whisker_R0_joint,17.539999999999715,0.2567103885995463
whisker_R1_joint,17.539999999999715,0.2591062981968868
whisker_L0_joint,17.559999999999715,-0.0006386400533289205
whisker_L1_joint,17.559999999999715,-0.0013165717679441968
whisker_R0_joint,17.559999999999715,-0.0009567336852098762
whisker_R1_joint,17.559999999999715,0.0017161514794565846
whisker_L0_joint,17.579999999999714,-7.403413227358158e-06
whisker_L1_joint,17.579999999999714,-1.5198837903795948e-05
whisker_R0_joint,17.579999999999714,-1.1057941823544581e-05
whisker_R1_joint,17.579999999999714,0.0029099601764670524
whisker_L0_joint,17.599999999999714,-6.545665413693058e-05
whisker_L1_joint,17.599999999999714,-0.00012794194409160298
whisker_R0_joint,17.599999999999714,-0.00010235235963751421
whisker_R1_joint,17.599999999999714,-2.5654592802126786e-05
whisker_L0_joint,17.619999999999713,0.009695510436944055
whisker_L1_joint,17.619999999999713,0.009882962806408102
whisker_R0_joint,17.619999999999713,0.009807926991805438
whisker_R1_joint,17.619999999999713,0.009577847825172903
whisker_L0_joint,17.639999999999713,0.08695633116715129
whisker_L1_joint,17.639999999999713,0.08739372354756902
whisker_R0_joint,17.639999999999713,0.08721802896963116
whisker_R1_joint,17.639999999999713,0.08668116013002258
whisker_L0_joint,17.659999999999712,0.2842157204989171
whisker_L1_joint,17.659999999999712,0.28490304775094
whisker_R0_joint,17.659999999999712,0.28462637532755863
whisker_R1_joint,17.659999999999712,0.2837827231220693
whisker_L0_joint,17.679999999999712,0.5824712942657442
whisker_L1_joint,17.679999999999712,0.5834085486707643
whisker_R0_joint,17.679999999999712,0.5830307674084674
whisker_R1_joint,17.679999999999712,0.5818803413095859
whisker_L0_joint,17.69999999999971,0.9607213395639489
whisker_L1_joint,17.69999999999971,0.9619085126648788
whisker_R0_joint,17.69999999999971,0.961429130351914
whisker_R1_joint,17.69999999999971,0.9599719407387628
whisker_L0_joint,17.71999999999971,1.0000715846781247
whisker_L1_joint,17.71999999999971,0.9972286111764532
whisker_R0_joint,17.71999999999971,0.998502096358675
whisker_R1_joint,17.71999999999971,1.0000195358790283
whisker_L0_joint,17.73999999999971,0.9807845847660701
whisker_L1_joint,17.73999999999971,0.9801963995156875
whisker_R0_joint,17.73999999999971,0.983427708423803
whisker_R1_joint,17.73999999999971,0.9809420598075196
whisker_L0_joint,17.75999999999971,0.921497498523518
whisker_L1_joint,17.75999999999971,0.9231640886233059
whisker_R0_joint,17.75999999999971,0.9283534987964517
whisker_R1_joint,17.75999999999971,0.9218647609154615
whisker_L0_joint,17.77999999999971,0.8222106244593324
whisker_L1_joint,17.77999999999971,0.8261319810288139
whisker_R0_joint,17.77999999999971,0.833279393547806
whisker_R1_joint,17.77999999999971,0.8227875819336639
whisker_L0_joint,17.79999999999971,0.6829238071526564
whisker_L1_joint,17.79999999999971,0.689099916772566
whisker_R0_joint,17.79999999999971,0.6982059437387766
whisker_R1_joint,17.79999999999971,0.683711081981226
whisker_L0_joint,17.81999999999971,0.5036379811626706
whisker_L1_joint,17.81999999999971,0.5120688259401387
whisker_R0_joint,17.81999999999971,0.5231327640239689
whisker_R1_joint,17.81999999999971,0.5046348836552372
whisker_L0_joint,17.83999999999971,0.2843534613155949
whisker_L1_joint,17.83999999999971,0.2950390189227914
whisker_R0_joint,17.83999999999971,0.30806023769768753
whisker_R1_joint,17.83999999999971,0.2855593781236845
whisker_L0_joint,17.859999999999708,0.025070205781021926
whisker_L1_joint,17.859999999999708,0.03801044946296983
whisker_R0_joint,17.859999999999708,0.05298925449791714
whisker_R1_joint,17.859999999999708,0.02648546298168597
whisker_L0_joint,17.879999999999708,0.030254070084833273
whisker_L1_joint,17.879999999999708,0.028149500871459843
whisker_R0_joint,17.879999999999708,0.02092052181512294
whisker_R1_joint,17.879999999999708,0.026513585063185907
whisker_L0_joint,17.899999999999707,0.1524871263041252
whisker_L1_joint,17.899999999999707,0.1490798037057246
whisker_R0_joint,17.899999999999707,0.13122957368907162
whisker_R1_joint,17.899999999999707,0.14299914397624924
whisker_L0_joint,17.919999999999707,0.37571830417050034
whisker_L1_joint,17.919999999999707,0.3710082559483503
whisker_R0_joint,17.919999999999707,0.34253690686276883
whisker_R1_joint,17.919999999999707,0.36048285886780285
whisker_L0_joint,17.939999999999706,0.659947040234834
whisker_L1_joint,17.939999999999706,0.6539342912102013
whisker_R0_joint,17.939999999999706,0.6148420673737265
whisker_R1_joint,17.939999999999706,0.6389642872245647
whisker_L0_joint,17.959999999999706,0.9841727587249478
whisker_L1_joint,17.959999999999706,0.9768573286731188
whisker_R0_joint,17.959999999999706,0.9271457793204574
whisker_R1_joint,17.959999999999706,0.9574441757568461
whisker_L0_joint,17.979999999999706,0.9874768383989494
whisker_L1_joint,17.979999999999706,0.9633372092628036
whisker_R0_joint,17.979999999999706,0.9747763404141514
whisker_R1_joint,17.979999999999706,0.9734129599601147
whisker_L0_joint,17.999999999999705,0.9248013707876659
whisker_L1_joint,17.999999999999705,0.8626741413234686
whisker_R0_joint,17.999999999999705,0.8818295720935998
whisker_R1_joint,17.999999999999705,0.8854504615680607
whisker_L0_joint,18.019999999999705,0.7821263267827252
whisker_L1_joint,18.019999999999705,0.6820119601779187
whisker_R0_joint,18.019999999999705,0.7088839066007955
whisker_R1_joint,18.019999999999705,0.7174890008913284
whisker_L0_joint,18.039999999999704,0.5594525501431491
whisker_L1_joint,18.039999999999704,0.42135181201840766
whisker_R0_joint,18.039999999999704,0.4559410135489772
whisker_R1_joint,18.039999999999704,0.4695302078699637
whisker_L0_joint,18.059999999999704,0.3192752091472073
whisker_L1_joint,18.059999999999704,0.1221783948973858
whisker_R0_joint,18.059999999999704,0.1230120823799341
whisker_R1_joint,18.059999999999704,0.1415852316587518
whisker_L0_joint,18.079999999999703,0.3201274395827083
whisker_L1_joint,18.079999999999703,-0.0009002017987222999
whisker_R0_joint,18.079999999999703,0.004269398192248808
whisker_R1_joint,18.079999999999703,0.0035478170147573707
whisker_L0_joint,18.099999999999703,0.4532504516833571
whisker_L1_joint,18.099999999999703,-9.441834701640062e-06
whisker_R0_joint,18.099999999999703,-4.1783082144419836e-05
whisker_R1_joint,18.099999999999703,-3.8768897673513436e-05
whisker_L0_joint,18.119999999999703,0.5724900220385116
whisker_L1_joint,18.119999999999703,0.0095328425665544
whisker_R0_joint,18.119999999999703,0.009620942045604153
whisker_R1_joint,18.119999999999703,0.009611901339377837
whisker_L0_joint,18.139999999999702,0.7592393827159629
whisker_L1_joint,18.139999999999702,0.086585922628438
whisker_R0_joint,18.139999999999702,0.0867723148986066
whisker_R1_joint,18.139999999999702,0.08675121754310755
whisker_L0_joint,18.1599999999997,1.0058342787531709
whisker_L1_joint,18.1599999999997,0.23653778294269046
whisker_R0_joint,18.1599999999997,0.28391611812769657
whisker_R1_joint,18.1599999999997,0.2838829643716938
whisker_L0_joint,18.1799999999997,1.000040797239918
whisker_L1_joint,18.1799999999997,0.24585981306359006
whisker_R0_joint,18.1799999999997,0.5820802442023929
whisker_R1_joint,18.1799999999997,0.5820350344066654
whisker_L0_joint,18.1999999999997,1.0000004702828216
whisker_L1_joint,18.1999999999997,0.1403990558103727
whisker_R0_joint,18.1999999999997,0.9412221401233705
whisker_R1_joint,18.1999999999997,0.9411648745846533
whisker_L0_joint,18.2199999999997,0.9906172621520009
whisker_L1_joint,18.2199999999997,0.02911782566067256
whisker_R0_joint,18.2199999999997,0.9567127359085621
whisker_R1_joint,18.2199999999997,0.9568440234266635
whisker_L0_joint,18.2399999999997,0.9327852411994995
whisker_L1_joint,18.2399999999997,-0.00011681322753531731
whisker_R0_joint,18.2399999999997,0.8348960589897061
whisker_R1_joint,18.2399999999997,0.8352660503406266
whisker_L0_joint,18.2599999999997,0.7949713636443603
whisker_L1_joint,18.2599999999997,-1.6947938545897046e-06
whisker_R0_joint,18.2599999999997,0.6330628948270416
whisker_R1_joint,18.2599999999997,0.6336715866205189
whisker_L0_joint,18.2799999999997,0.5771718431472044
whisker_L1_joint,18.2799999999997,-8.812417485515311e-06
whisker_R0_joint,18.2799999999997,0.3512201667934267
whisker_R1_joint,18.2799999999997,0.35206755318476723
whisker_L0_joint,18.2999999999997,0.31804262993018195
whisker_L1_joint,18.2999999999997,-0.00010235146018811037
whisker_R0_joint,18.2999999999997,-0.010625624457739846
whisker_R1_joint,18.2999999999997,-0.009539552148631003
whisker_L0_joint,18.3199999999997,0.28571429932071446
whisker_L1_joint,18.3199999999997,-1.322128387215571e-06
whisker_R0_joint,18.3199999999997,-0.0002537327495710784
whisker_R1_joint,18.3199999999997,-7.008142917008797e-05
whisker_L0_joint,18.339999999999698,0.4177461466163468
whisker_L1_joint,18.339999999999698,-1.3754653537034756e-05
whisker_R0_joint,18.339999999999698,-2.9628056399388925e-06
whisker_R1_joint,18.339999999999698,-9.362194175466243e-07
whisker_L0_joint,18.359999999999697,0.49901072343824104
whisker_L1_joint,18.359999999999697,-0.00019987645298691348
whisker_R0_joint,18.359999999999697,-5.235656316937565e-05
whisker_R1_joint,18.359999999999697,-1.3745491334482551e-05
whisker_L0_joint,18.379999999999697,0.5477776794262983
whisker_L1_joint,18.379999999999697,0.010102877174489322
whisker_R0_joint,18.379999999999697,0.00965381648703012
whisker_R1_joint,18.379999999999697,0.009537999758931548
whisker_L0_joint,18.399999999999697,0.6640529257234498
whisker_L1_joint,18.399999999999697,0.08791413519730007
whisker_R0_joint,18.399999999999697,0.08685116766040757
whisker_R1_joint,18.399999999999697,0.08658090733482826
whisker_L0_joint,18.419999999999696,0.8813392861006637
whisker_L1_joint,18.419999999999696,0.20166554081113652
whisker_R0_joint,18.419999999999696,0.2650345226209323
whisker_R1_joint,18.419999999999696,0.26460982109717257
whisker_L0_joint,18.439999999999696,1.000139628428368
whisker_L1_joint,18.439999999999696,0.17418530547572608
whisker_R0_joint,18.439999999999696,0.504218350971807
whisker_R1_joint,18.439999999999696,0.5036392106701308
whisker_L0_joint,18.459999999999695,1.0000016097904183
whisker_L1_joint,18.459999999999695,0.09178455861289159
whisker_R0_joint,18.459999999999695,0.7834112407828568
whisker_R1_joint,18.459999999999695,0.7826776637419322
whisker_L0_joint,18.479999999999695,0.9905225013471988
whisker_L1_joint,18.479999999999695,0.01777233042260562
whisker_R0_joint,18.479999999999695,0.9994997552648153
whisker_R1_joint,18.479999999999695,0.9994997548595776
whisker_L0_joint,18.499999999999694,0.9326396986715615
whisker_L1_joint,18.499999999999694,-8.871299858270731e-06
whisker_R0_joint,18.499999999999694,0.9432675523086873
whisker_R1_joint,18.499999999999694,0.9466651565037392
whisker_L0_joint,18.519999999999694,0.7947755712126128
whisker_L1_joint,18.519999999999694,-0.0001598657648642643
whisker_R0_joint,18.519999999999694,0.8070177261556291
whisker_R1_joint,18.519999999999694,0.813812905179228
whisker_L0_joint,18.539999999999694,0.5769256786242387
whisker_L1_joint,18.539999999999694,-1.9975415233020044e-06
whisker_R0_joint,18.539999999999694,0.590756850913837
whisker_R1_joint,18.539999999999694,0.600949546823017
whisker_L0_joint,18.559999999999693,0.31748677848618456
whisker_L1_joint,18.559999999999693,-1.7165459325063637e-05
whisker_R0_joint,18.559999999999693,0.29449111413591655
whisker_R1_joint,18.559999999999693,0.3080812403513189
whisker_L0_joint,18.579999999999693,0.2888617162248961
whisker_L1_joint,18.579999999999693,-0.0001599708984612036
whisker_R0_joint,18.579999999999693,-4.4714792355016186e-05
whisker_R1_joint,18.579999999999693,-0.0019148697681021787
whisker_L0_joint,18.599999999999692,0.4287976242749858
whisker_L1_joint,18.599999999999692,-1.967717881967701e-06
whisker_R0_joint,18.599999999999692,-8.739862877860105e-07
whisker_R1_joint,18.599999999999692,-2.2087471535314762e-05
